74
GCA_000011005 0.0000000 0.0333168 0.0758373 0.0710206 0.0719340 0.0699120 0.2478260 0.2467310 0.2526380 0.2591976 0.2550499 0.2490497 0.2503657 0.2494630 0.2397705 0.2376158 0.2539585 0.2490568 0.2285178 0.2301023 0.2227957 0.2632122 0.2707474 0.3955595 0.3918560 0.2920977 0.2974655 0.4271734 0.3914538 0.3928126 0.4036206 0.4127282 0.4182136 0.2684801 0.2718016 0.3500696 0.3384104 0.3355969 0.3336964 0.2709767 0.3406007 0.4187780 0.4360494 0.2316931 0.2253298 0.2171253 0.3451411 0.3435924 0.3533011 0.3516861 0.3490279 0.3569780 0.3608781 0.3836720 0.3519078 0.3476575 0.3437399 0.3472005 0.3340530 0.2968608 0.3014613 0.3167929 0.2917944 0.3175560 0.3105302 0.3177119 0.3074910 0.2909358 0.4102572 0.4529370 0.4863776 0.4192595 0.3219326 0.5423811 
GCA_000251105 0.0333168 0.0000000 0.0754401 0.0712946 0.0732638 0.0697115 0.2447701 0.2413960 0.2475239 0.2559252 0.2483580 0.2429966 0.2440454 0.2460841 0.2316914 0.2297216 0.2472685 0.2504199 0.2273205 0.2287691 0.2209383 0.2530216 0.2613861 0.3979283 0.3831041 0.2850445 0.2911803 0.4215707 0.3866386 0.3906347 0.3963004 0.4027565 0.4067324 0.2653752 0.2687368 0.3349008 0.3244659 0.3252535 0.3247915 0.2712110 0.3332982 0.4112332 0.4316306 0.2300164 0.2253065 0.2156679 0.3433161 0.3406882 0.3505633 0.3458334 0.3450850 0.3535861 0.3553263 0.3741292 0.3490005 0.3447682 0.3431406 0.3390356 0.3255630 0.2970704 0.3024224 0.3187243 0.2839772 0.3154976 0.3020493 0.3108257 0.3083456 0.2888744 0.4034889 0.4512140 0.4857219 0.4118865 0.3270858 0.5243940 
GCA_000063445 0.0758373 0.0754401 0.0000000 0.0514753 0.0518956 0.0691809 0.2525144 0.2472449 0.2514827 0.2626902 0.2551917 0.2516177 0.2522508 0.2491113 0.2355626 0.2336789 0.2540748 0.2524952 0.2197276 0.2225561 0.2178601 0.2620027 0.2667888 0.4016325 0.3883881 0.2946543 0.3057613 0.4303727 0.3988292 0.3966710 0.4033854 0.4072711 0.4108671 0.2710768 0.2718549 0.3411867 0.3377778 0.3341783 0.3311158 0.2773643 0.3397957 0.4152875 0.4338228 0.2248385 0.2259181 0.2160352 0.3381896 0.3374353 0.3559822 0.3511082 0.3507166 0.3536801 0.3606594 0.3829985 0.3544869 0.3513150 0.3421976 0.3450972 0.3316145 0.3053880 0.3094163 0.3269929 0.2946112 0.3220464 0.3115892 0.3196649 0.3124469 0.2935556 0.4151009 0.4529945 0.4886684 0.4142690 0.3350440 0.5336985 
GCA_002067315 0.0710206 0.0712946 0.0514753 0.0000000 0.0258163 0.0663775 0.2504133 0.2423236 0.2491722 0.2586029 0.2517285 0.2474900 0.2470614 0.2471047 0.2384623 0.2355176 0.2529532 0.2521690 0.2184153 0.2204024 0.2135106 0.2534061 0.2651108 0.4018590 0.3914778 0.2908632 0.2994838 0.4268786 0.3921379 0.4046691 0.4098360 0.4098607 0.4138960 0.2664389 0.2681811 0.3368065 0.3306266 0.3332811 0.3303363 0.2691199 0.3432410 0.4106577 0.4361263 0.2260531 0.2208379 0.2145885 0.3454855 0.3339983 0.3530394 0.3492219 0.3466362 0.3571206 0.3632132 0.3800164 0.3503769 0.3505876 0.3368407 0.3428325 0.3315814 0.2966611 0.2992236 0.3151554 0.2941093 0.3246094 0.3151881 0.3228080 0.3134524 0.2984531 0.4152901 0.4594530 0.4898387 0.4195715 0.3369133 0.5255953 
GCA_023436075 0.0719340 0.0732638 0.0518956 0.0258163 0.0000000 0.0686896 0.2510958 0.2436339 0.2534751 0.2638284 0.2540354 0.2492799 0.2496649 0.2469330 0.2386471 0.2366586 0.2490340 0.2496322 0.2204762 0.2234737 0.2157137 0.2583941 0.2655515 0.4077616 0.3955003 0.2894378 0.2989191 0.4244909 0.3913427 0.4050919 0.4065946 0.4099152 0.4178342 0.2691073 0.2695931 0.3432839 0.3372758 0.3346668 0.3356203 0.2768209 0.3511272 0.4136626 0.4268371 0.2271790 0.2235622 0.2126874 0.3483055 0.3425639 0.3559032 0.3556872 0.3505079 0.3564655 0.3635623 0.3818001 0.3512038 0.3469001 0.3408976 0.3467543 0.3325550 0.3011984 0.3024353 0.3188862 0.3026804 0.3244133 0.3189227 0.3245805 0.3158168 0.3032288 0.4165263 0.4605857 0.4967772 0.4192367 0.3321270 0.5345005 
GCA_021023085 0.0699120 0.0697115 0.0691809 0.0663775 0.0686896 0.0000000 0.2390394 0.2348033 0.2454725 0.2538769 0.2456238 0.2421999 0.2424142 0.2435478 0.2331014 0.2294837 0.2541649 0.2399204 0.2191133 0.2223327 0.2140026 0.2522962 0.2624278 0.4087477 0.4031994 0.2944208 0.2994684 0.4343220 0.3943903 0.3887817 0.4028752 0.4114025 0.4096385 0.2667485 0.2674350 0.3446130 0.3317016 0.3345308 0.3282000 0.2696595 0.3430891 0.4175082 0.4401529 0.2228619 0.2188833 0.2145234 0.3381187 0.3384508 0.3481581 0.3439985 0.3435822 0.3509689 0.3526827 0.3768820 0.3461638 0.3422011 0.3415402 0.3495505 0.3369238 0.3056600 0.3074102 0.3271020 0.2909782 0.3224531 0.3117633 0.3144234 0.3125567 0.2952740 0.4041108 0.4514699 0.4932851 0.4124219 0.3242067 0.5370615 
GCA_000025865 0.2478260 0.2447701 0.2525144 0.2504133 0.2510958 0.2390394 0.0000000 0.1231169 0.2585742 0.2634892 0.2608512 0.2575500 0.2516651 0.2543619 0.2304309 0.2281716 0.2478830 0.2650594 0.2365890 0.2371581 0.2312419 0.2463355 0.2623586 0.4062804 0.3946164 0.3134354 0.3036859 0.4345243 0.3948540 0.3972035 0.4113194 0.4235630 0.4199457 0.2784764 0.2812293 0.3500073 0.3344929 0.3363529 0.3313680 0.2703722 0.3402728 0.4308727 0.4475353 0.2272492 0.2344840 0.2315150 0.3454827 0.3442096 0.3527238 0.3538347 0.3492238 0.3402635 0.3529862 0.3770511 0.3374358 0.3374416 0.3413339 0.3443632 0.3373452 0.3017886 0.3007876 0.3113704 0.3076615 0.3304826 0.3329415 0.3237395 0.3346870 0.3045692 0.4159030 0.4504115 0.4785371 0.4246271 0.3436818 0.5566369 
GCA_000217995 0.2467310 0.2413960 0.2472449 0.2423236 0.2436339 0.2348033 0.1231169 0.0000000 0.2522965 0.2584715 0.2547709 0.2520857 0.2448780 0.2490628 0.2200191 0.2198000 0.2434281 0.2507589 0.2262047 0.2254484 0.2223445 0.2417677 0.2562955 0.3992795 0.3870890 0.2998129 0.2912758 0.4348449 0.3961605 0.3945370 0.4083255 0.4146029 0.4194125 0.2755313 0.2736615 0.3504071 0.3249197 0.3328500 0.3274032 0.2678472 0.3370489 0.4267388 0.4434562 0.2227945 0.2182368 0.2158896 0.3307127 0.3354886 0.3421782 0.3356506 0.3337428 0.3411168 0.3615147 0.3774340 0.3375066 0.3339201 0.3401789 0.3288490 0.3177594 0.2978383 0.3025248 0.3140132 0.3113228 0.3337446 0.3333852 0.3225355 0.3317032 0.3101114 0.4197314 0.4516242 0.4707466 0.4157647 0.3380787 0.5290495 
GCA_003139855 0.2526380 0.2475239 0.2514827 0.2491722 0.2534751 0.2454725 0.2585742 0.2522965 0.0000000 0.0024583 0.0201042 0.0186412 0.0451537 0.0369854 0.2540634 0.2533043 0.2461885 0.2677229 0.2352640 0.2349720 0.2305079 0.2705401 0.2778494 0.4073647 0.4062534 0.2974035 0.3007515 0.4302086 0.3866544 0.3956313 0.4094764 0.4125030 0.4328375 0.2751574 0.2773976 0.3519498 0.3373935 0.3471614 0.3389177 0.2762112 0.3457029 0.4219865 0.4359991 0.2249611 0.2273365 0.2213700 0.3354003 0.3264257 0.3453175 0.3389275 0.3411732 0.3678114 0.3775895 0.3901639 0.3455373 0.3453581 0.3406556 0.3554274 0.3416980 0.3103629 0.3072314 0.3226608 0.3114287 0.3398538 0.3369650 0.3261052 0.3365998 0.3194563 0.4020942 0.4430004 0.4762635 0.4164334 0.3224140 0.5286171 
GCA_003158275 0.2591976 0.2559252 0.2626902 0.2586029 0.2638284 0.2538769 0.2634892 0.2584715 0.0024583 0.0000000 0.0214795 0.0188574 0.0445488 0.0358511 0.2613213 0.2571893 0.2461730 0.2738571 0.2396924 0.2390747 0.2349663 0.2813426 0.2844541 0.4299836 0.4207644 0.3134110 0.3063785 0.4397294 0.4095846 0.4248082 0.4171733 0.4214609 0.4389065 0.2807915 0.2839625 0.3683063 0.3435121 0.3576759 0.3483224 0.2777542 0.3511017 0.4346784 0.4629230 0.2295618 0.2281340 0.2225086 0.3415805 0.3353346 0.3571533 0.3487125 0.3528981 0.3805157 0.3950167 0.4061320 0.3627173 0.3626512 0.3581483 0.3611853 0.3505405 0.3184328 0.3122390 0.3389884 0.3252477 0.3569225 0.3504005 0.3363441 0.3490012 0.3266400 0.4086119 0.4484015 0.4951057 0.4333395 0.3636442 0.5500753 
GCA_003162175 0.2550499 0.2483580 0.2551917 0.2517285 0.2540354 0.2456238 0.2608512 0.2547709 0.0201042 0.0214795 0.0000000 0.0120118 0.0462008 0.0368180 0.2539473 0.2536724 0.2491938 0.2677242 0.2388852 0.2384580 0.2354663 0.2724212 0.2796609 0.4062245 0.4102804 0.2985587 0.3006930 0.4363184 0.3879970 0.3971850 0.4053647 0.4115945 0.4298205 0.2762031 0.2781603 0.3508741 0.3339943 0.3460380 0.3377334 0.2730760 0.3443813 0.4207260 0.4331654 0.2261044 0.2278575 0.2211345 0.3374678 0.3264497 0.3454429 0.3400353 0.3398495 0.3660614 0.3726950 0.3881133 0.3456380 0.3446778 0.3394699 0.3492232 0.3364107 0.3077101 0.3038733 0.3203047 0.3114569 0.3397974 0.3377325 0.3236657 0.3334599 0.3208533 0.4033218 0.4365458 0.4767265 0.4186297 0.3294844 0.5260306 
GCA_015661395 0.2490497 0.2429966 0.2516177 0.2474900 0.2492799 0.2421999 0.2575500 0.2520857 0.0186412 0.0188574 0.0120118 0.0000000 0.0447529 0.0350926 0.2510342 0.2511035 0.2440904 0.2626681 0.2329086 0.2333082 0.2291733 0.2693120 0.2785268 0.4031151 0.4060917 0.2971032 0.2977026 0.4325758 0.3845060 0.3922664 0.4038436 0.4107874 0.4283143 0.2692346 0.2732876 0.3440989 0.3297545 0.3418143 0.3342679 0.2717377 0.3406787 0.4163942 0.4347611 0.2220355 0.2239702 0.2157827 0.3368284 0.3238038 0.3431796 0.3363120 0.3365789 0.3630710 0.3734924 0.3881656 0.3391276 0.3381217 0.3381538 0.3496454 0.3364564 0.3049525 0.3016410 0.3196159 0.3078957 0.3391156 0.3326021 0.3232033 0.3293115 0.3201619 0.4027318 0.4343785 0.4695809 0.4151370 0.3229845 0.5202294 
GCA_003170935 0.2503657 0.2440454 0.2522508 0.2470614 0.2496649 0.2424142 0.2516651 0.2448780 0.0451537 0.0445488 0.0462008 0.0447529 0.0000000 0.0313603 0.2492659 0.2480870 0.2384107 0.2605209 0.2338501 0.2336771 0.2278917 0.2574611 0.2696554 0.3929151 0.3998578 0.2956182 0.2962040 0.4296993 0.3869035 0.3889775 0.3992222 0.4005704 0.4164203 0.2672532 0.2696590 0.3355381 0.3248133 0.3302612 0.3269339 0.2620247 0.3419472 0.4125616 0.4282165 0.2242259 0.2210956 0.2123037 0.3224743 0.3220109 0.3300327 0.3309945 0.3286312 0.3604172 0.3701649 0.3828527 0.3361022 0.3386816 0.3322463 0.3392687 0.3236366 0.2959096 0.2927759 0.3094438 0.3022738 0.3267243 0.3231933 0.3202705 0.3218391 0.3043597 0.3968917 0.4234522 0.4662741 0.4052634 0.3168289 0.5219128 
GCA_015660915 0.2494630 0.2460841 0.2491113 0.2471047 0.2469330 0.2435478 0.2543619 0.2490628 0.0369854 0.0358511 0.0368180 0.0350926 0.0313603 0.0000000 0.2495041 0.2485633 0.2445649 0.2637974 0.2347885 0.2340149 0.2294189 0.2655521 0.2794459 0.3977969 0.3958910 0.2962857 0.2981941 0.4275012 0.3841998 0.3915782 0.4064158 0.4055573 0.4250150 0.2692035 0.2718111 0.3458583 0.3297714 0.3400061 0.3338567 0.2741567 0.3392735 0.4146518 0.4306764 0.2223733 0.2234896 0.2160986 0.3287023 0.3205407 0.3334541 0.3285455 0.3326383 0.3568505 0.3672445 0.3818534 0.3378581 0.3373656 0.3338007 0.3454124 0.3330425 0.3038358 0.2992251 0.3182120 0.3093913 0.3335737 0.3273837 0.3224473 0.3295145 0.3125229 0.4039489 0.4356470 0.4669075 0.4120946 0.3230676 0.5234951 
GCA_000014945 0.2397705 0.2316914 0.2355626 0.2384623 0.2386471 0.2331014 0.2304309 0.2200191 0.2540634 0.2613213 0.2539473 0.2510342 0.2492659 0.2495041 0.0000000 0.0106375 0.2474752 0.2444354 0.2332133 0.2311334 0.2265937 0.2387330 0.2570823 0.4063807 0.4016200 0.2871528 0.2951077 0.4256240 0.3806770 0.4037795 0.4003951 0.4133220 0.4083810 0.2536809 0.2602410 0.3209925 0.3193540 0.3183171 0.3173271 0.2635227 0.3489849 0.4135903 0.4211175 0.2372959 0.2277318 0.2213252 0.3424163 0.3419603 0.3499209 0.3469089 0.3477872 0.3512112 0.3603350 0.3798429 0.3475979 0.3438284 0.3442593 0.3286315 0.3236555 0.3043199 0.3046875 0.3232763 0.3035929 0.3282263 0.3141637 0.3243630 0.3343130 0.3094123 0.3961451 0.4430157 0.4810040 0.3980202 0.3106184 0.5133426 
GCA_029907715 0.2376158 0.2297216 0.2336789 0.2355176 0.2366586 0.2294837 0.2281716 0.2198000 0.2533043 0.2571893 0.2536724 0.2511035 0.2480870 0.2485633 0.0106375 0.0000000 0.2487714 0.2444646 0.2319025 0.2290945 0.2248891 0.2359352 0.2545046 0.4045737 0.3956131 0.2836184 0.2920968 0.4197801 0.3793808 0.3996354 0.4002004 0.4094325 0.4071158 0.2531548 0.2579091 0.3239807 0.3188047 0.3152998 0.3143473 0.2607825 0.3420455 0.4130302 0.4204264 0.2348676 0.2243762 0.2183936 0.3393444 0.3390461 0.3462057 0.3426688 0.3438288 0.3478315 0.3549765 0.3769122 0.3420361 0.3388320 0.3427640 0.3297029 0.3263158 0.3036086 0.3033185 0.3222844 0.3026752 0.3255282 0.3114263 0.3237632 0.3317096 0.3055323 0.3954262 0.4398260 0.4784392 0.3954343 0.3056895 0.5171132 
GCA_030605385 0.2539585 0.2472685 0.2540748 0.2529532 0.2490340 0.2541649 0.2478830 0.2434281 0.2461885 0.2461730 0.2491938 0.2440904 0.2384107 0.2445649 0.2474752 0.2487714 0.0000000 0.2259156 0.2362202 0.2373270 0.2314693 0.2708774 0.2720151 0.3935985 0.3999035 0.2584689 0.2711715 0.4288192 0.3885195 0.3902913 0.3975700 0.3949188 0.4179920 0.2685574 0.2705726 0.3436346 0.3260642 0.3339853 0.3333796 0.2407442 0.3480191 0.4203969 0.4363139 0.2209994 0.2303660 0.2203843 0.3420974 0.3441980 0.3485806 0.3446731 0.3399562 0.3643962 0.3690334 0.3841126 0.3543644 0.3518603 0.3514237 0.3415155 0.3228108 0.2979422 0.2994133 0.3166890 0.3045542 0.3229028 0.3175710 0.3106450 0.3163035 0.3082530 0.4068750 0.4382482 0.4770904 0.4111057 0.2948221 0.5128482 
GCA_030643285 0.2490568 0.2504199 0.2524952 0.2521690 0.2496322 0.2399204 0.2650594 0.2507589 0.2677229 0.2738571 0.2677242 0.2626681 0.2605209 0.2637974 0.2444354 0.2444646 0.2259156 0.0000000 0.2276019 0.2261522 0.2229336 0.2759101 0.2757721 0.3970356 0.3887833 0.2725581 0.2791834 0.4370518 0.4181891 0.4246343 0.4320862 0.4295065 0.4518421 0.2818433 0.2844762 0.3495562 0.3450027 0.3463593 0.3473384 0.2550063 0.3504984 0.4217214 0.4747622 0.2165012 0.2206489 0.2142622 0.3504042 0.3411683 0.3738720 0.3631728 0.3662155 0.3845966 0.4030572 0.4091302 0.3742731 0.3758512 0.3596805 0.3406374 0.3239215 0.3030977 0.2986057 0.3139422 0.3412640 0.3691997 0.3400583 0.3456878 0.3466617 0.3305350 0.4251844 0.4620670 0.4784324 0.4241017 0.3161794 0.5583667 
GCA_002495885 0.2285178 0.2273205 0.2197276 0.2184153 0.2204762 0.2191133 0.2365890 0.2262047 0.2352640 0.2396924 0.2388852 0.2329086 0.2338501 0.2347885 0.2332133 0.2319025 0.2362202 0.2276019 0.0000000 0.0166245 0.0193764 0.2582956 0.2677124 0.4086795 0.4015376 0.2747105 0.2831202 0.4265069 0.3856468 0.4012088 0.4075198 0.4127261 0.4320548 0.2584289 0.2613194 0.3339130 0.3254963 0.3329675 0.3285266 0.2500925 0.3450493 0.4185560 0.4437758 0.1521043 0.1552115 0.1438097 0.3273126 0.3252680 0.3437113 0.3392204 0.3342222 0.3574630 0.3658824 0.3923237 0.3459768 0.3428907 0.3475923 0.3263764 0.3103785 0.2896738 0.2866640 0.3026921 0.3218922 0.3396373 0.3233531 0.3349192 0.3335510 0.3181111 0.3964882 0.4413130 0.4880945 0.4271052 0.3017085 0.5229985 
GCA_028715545 0.2301023 0.2287691 0.2225561 0.2204024 0.2234737 0.2223327 0.2371581 0.2254484 0.2349720 0.2390747 0.2384580 0.2333082 0.2336771 0.2340149 0.2311334 0.2290945 0.2373270 0.2261522 0.0166245 0.0000000 0.0185773 0.2584885 0.2660633 0.4095764 0.4009696 0.2750165 0.2805168 0.4317314 0.3883185 0.4059910 0.4048509 0.4169305 0.4380862 0.2555439 0.2561873 0.3335745 0.3228466 0.3325692 0.3292618 0.2468595 0.3464778 0.4225306 0.4469561 0.1507017 0.1509403 0.1425321 0.3302911 0.3262564 0.3427943 0.3383054 0.3334020 0.3646841 0.3772252 0.4004524 0.3476955 0.3453951 0.3500880 0.3235461 0.3076059 0.2852900 0.2838667 0.2999561 0.3256574 0.3443876 0.3293435 0.3395099 0.3359479 0.3223535 0.4020172 0.4465088 0.4910327 0.4306634 0.2981325 0.5180460 
GCA_028715985 0.2227957 0.2209383 0.2178601 0.2135106 0.2157137 0.2140026 0.2312419 0.2223445 0.2305079 0.2349663 0.2354663 0.2291733 0.2278917 0.2294189 0.2265937 0.2248891 0.2314693 0.2229336 0.0193764 0.0185773 0.0000000 0.2517628 0.2631569 0.4050139 0.3905350 0.2705877 0.2778261 0.4285873 0.3818897 0.3982624 0.3976590 0.4047144 0.4258249 0.2543646 0.2565155 0.3246743 0.3198880 0.3258642 0.3208850 0.2440225 0.3428926 0.4117211 0.4394136 0.1495234 0.1526855 0.1403578 0.3250771 0.3204750 0.3401832 0.3374873 0.3316869 0.3509255 0.3596304 0.3853345 0.3389235 0.3345134 0.3429635 0.3220241 0.3059970 0.2866030 0.2856604 0.3003615 0.3142435 0.3354945 0.3209210 0.3318161 0.3284318 0.3136236 0.3916122 0.4386533 0.4782526 0.4202354 0.2958189 0.5146275 
GCA_000711905 0.2632122 0.2530216 0.2620027 0.2534061 0.2583941 0.2522962 0.2463355 0.2417677 0.2705401 0.2813426 0.2724212 0.2693120 0.2574611 0.2655521 0.2387330 0.2359352 0.2708774 0.2759101 0.2582956 0.2584885 0.2517628 0.0000000 0.1630647 0.4024153 0.4012149 0.2973323 0.3059009 0.4325652 0.3895714 0.4114322 0.3924980 0.4038019 0.4153749 0.2646131 0.2678370 0.3234932 0.3110204 0.3123304 0.3077320 0.2745267 0.3525185 0.4060190 0.4388693 0.2496617 0.2486256 0.2418123 0.3543600 0.3485203 0.3554809 0.3541695 0.3461126 0.3591602 0.3670714 0.3810622 0.3531737 0.3559578 0.3530048 0.3319081 0.3239007 0.3058204 0.3138118 0.3361724 0.3030541 0.3281388 0.3367947 0.3276255 0.3259463 0.3116789 0.4050959 0.4393460 0.4719971 0.4121296 0.3476217 0.5016494 
GCA_002010075 0.2707474 0.2613861 0.2667888 0.2651108 0.2655515 0.2624278 0.2623586 0.2562955 0.2778494 0.2844541 0.2796609 0.2785268 0.2696554 0.2794459 0.2570823 0.2545046 0.2720151 0.2757721 0.2677124 0.2660633 0.2631569 0.1630647 0.0000000 0.4165411 0.4005279 0.3038064 0.3031345 0.4395786 0.4003424 0.4160262 0.3905271 0.3862220 0.4250834 0.2626230 0.2656729 0.3153225 0.3062221 0.3089374 0.3044669 0.2760354 0.3732375 0.4110314 0.4573829 0.2686036 0.2545766 0.2469675 0.3782639 0.3737633 0.3707085 0.3706638 0.3696161 0.4061031 0.4108423 0.4324668 0.3894373 0.3842055 0.3855840 0.3239273 0.3191463 0.3041877 0.3139609 0.3321497 0.3197064 0.3376859 0.3363853 0.3345736 0.3337584 0.3124846 0.4087366 0.4467040 0.5014703 0.4250763 0.3515262 0.4895564 
GCA_016207515 0.3955595 0.3979283 0.4016325 0.4018590 0.4077616 0.4087477 0.4062804 0.3992795 0.4073647 0.4299836 0.4062245 0.4031151 0.3929151 0.3977969 0.4063807 0.4045737 0.3935985 0.3970356 0.4086795 0.4095764 0.4050139 0.4024153 0.4165411 0.0000000 0.3039550 0.4376917 0.4425382 0.3113967 0.2821819 0.3090592 0.3309869 0.3408546 0.3397546 0.4131011 0.3982935 0.4480428 0.4340072 0.4315777 0.4317399 0.4282292 0.4314864 0.3627067 0.3351217 0.3822710 0.3892249 0.3857576 0.4200823 0.4285923 0.4431528 0.4345017 0.4359906 0.4641184 0.4715083 0.4842864 0.4394062 0.4446550 0.4411919 0.4762198 0.4524470 0.4365771 0.4394723 0.4621873 0.4377992 0.4376358 0.4580048 0.4482836 0.4625664 0.4301252 0.3284365 0.3765744 0.3993259 0.3264269 0.4314372 0.5059754 
GCA_028716125 0.3918560 0.3831041 0.3883881 0.3914778 0.3955003 0.4031994 0.3946164 0.3870890 0.4062534 0.4207644 0.4102804 0.4060917 0.3998578 0.3958910 0.4016200 0.3956131 0.3999035 0.3887833 0.4015376 0.4009696 0.3905350 0.4012149 0.4005279 0.3039550 0.0000000 0.4257315 0.4191898 0.3334533 0.2953539 0.3377181 0.3421974 0.3279428 0.3519939 0.4017058 0.4005766 0.4290579 0.4193488 0.4230972 0.4097155 0.4128662 0.4506171 0.3473422 0.3694021 0.3875834 0.3961140 0.3909779 0.4158146 0.4224960 0.4336336 0.4323300 0.4371803 0.4777850 0.4759901 0.4972743 0.4632379 0.4617019 0.4680448 0.4576758 0.4383455 0.4334083 0.4315115 0.4559032 0.4185526 0.4380845 0.4333743 0.4411110 0.4475178 0.4114582 0.3065013 0.3765109 0.3891435 0.3285507 0.4480740 0.4958006 
GCA_021159465 0.2920977 0.2850445 0.2946543 0.2908632 0.2894378 0.2944208 0.3134354 0.2998129 0.2974035 0.3134110 0.2985587 0.2971032 0.2956182 0.2962857 0.2871528 0.2836184 0.2584689 0.2725581 0.2747105 0.2750165 0.2705877 0.2973323 0.3038064 0.4376917 0.4257315 0.0000000 0.1081661 0.4402676 0.4090370 0.4179556 0.4290856 0.4201227 0.4403593 0.2855373 0.2918465 0.3676002 0.3522049 0.3621624 0.3623727 0.2746500 0.3843459 0.4174261 0.4524389 0.2723035 0.2708853 0.2656609 0.3795474 0.3716822 0.3673449 0.3650721 0.3695930 0.4238612 0.4223204 0.4420653 0.4086320 0.4041367 0.3896041 0.3582757 0.3390200 0.3193630 0.3225952 0.3385018 0.3628276 0.3795114 0.3694751 0.3728957 0.3782824 0.3489866 0.4309648 0.4656937 0.4933261 0.4440397 0.3273887 0.5164204 
GCA_030611045 0.2974655 0.2911803 0.3057613 0.2994838 0.2989191 0.2994684 0.3036859 0.2912758 0.3007515 0.3063785 0.3006930 0.2977026 0.2962040 0.2981941 0.2951077 0.2920968 0.2711715 0.2791834 0.2831202 0.2805168 0.2778261 0.3059009 0.3031345 0.4425382 0.4191898 0.1081661 0.0000000 0.4589874 0.4103257 0.4270208 0.4223639 0.4281937 0.4379200 0.2909958 0.2984660 0.3666621 0.3622690 0.3684026 0.3660282 0.2727243 0.3829420 0.4330705 0.4562387 0.2819779 0.2744421 0.2652055 0.3830773 0.3846287 0.3788881 0.3853828 0.3779763 0.4114515 0.4153522 0.4392106 0.3962813 0.3931351 0.3696546 0.3716608 0.3548858 0.3247757 0.3309185 0.3482523 0.3613084 0.3736536 0.3707464 0.3718805 0.3698775 0.3479745 0.4450569 0.4734628 0.5009372 0.4463479 0.3373987 0.5184133 
GCA_016874675 0.4271734 0.4215707 0.4303727 0.4268786 0.4244909 0.4343220 0.4345243 0.4348449 0.4302086 0.4397294 0.4363184 0.4325758 0.4296993 0.4275012 0.4256240 0.4197801 0.4288192 0.4370518 0.4265069 0.4317314 0.4285873 0.4325652 0.4395786 0.3113967 0.3334533 0.4402676 0.4589874 0.0000000 0.2504157 0.2815064 0.3237298 0.3320971 0.3236848 0.4244395 0.4195208 0.4430151 0.4318758 0.4335825 0.4398255 0.4488514 0.4805646 0.3625615 0.3286898 0.4089105 0.4049644 0.4142643 0.4647839 0.4662225 0.4780997 0.4647068 0.4593461 0.5151753 0.5244327 0.5270091 0.4980153 0.5018520 0.4997090 0.4935506 0.4824972 0.4595374 0.4583506 0.4675685 0.4516271 0.4643591 0.4640553 0.4694840 0.4656369 0.4475624 0.3052009 0.4137651 0.4091899 0.3081723 0.4278073 0.5412424 
GCA_020356005 0.3914538 0.3866386 0.3988292 0.3921379 0.3913427 0.3943903 0.3948540 0.3961605 0.3866544 0.4095846 0.3879970 0.3845060 0.3869035 0.3841998 0.3806770 0.3793808 0.3885195 0.4181891 0.3856468 0.3883185 0.3818897 0.3895714 0.4003424 0.2821819 0.2953539 0.4090370 0.4103257 0.2504157 0.0000000 0.2345806 0.2598061 0.2905267 0.2985236 0.3855608 0.3691149 0.4135219 0.4071179 0.4170055 0.4070439 0.4018956 0.4180243 0.3200219 0.2876635 0.3591837 0.3615294 0.3650398 0.4137963 0.4241077 0.4252732 0.4164304 0.4237351 0.4790935 0.4884005 0.4941924 0.4647024 0.4707237 0.4545309 0.4466981 0.4365732 0.4205277 0.4216402 0.4348991 0.4146896 0.4275188 0.4328855 0.4265634 0.4282854 0.4046323 0.2697482 0.3542274 0.3606700 0.2776571 0.4554175 0.4849738 
GCA_028279585 0.3928126 0.3906347 0.3966710 0.4046691 0.4050919 0.3887817 0.3972035 0.3945370 0.3956313 0.4248082 0.3971850 0.3922664 0.3889775 0.3915782 0.4037795 0.3996354 0.3902913 0.4246343 0.4012088 0.4059910 0.3982624 0.4114322 0.4160262 0.3090592 0.3377181 0.4179556 0.4270208 0.2815064 0.2345806 0.0000000 0.2709822 0.3125883 0.3191953 0.3882611 0.3809100 0.4309791 0.4217475 0.4163372 0.4133480 0.4069324 0.4283708 0.3516701 0.3061047 0.3793018 0.3778442 0.3770877 0.4342500 0.4321742 0.4408094 0.4372798 0.4372042 0.4750924 0.4704583 0.4847094 0.4652517 0.4564211 0.4593030 0.4586101 0.4429574 0.4431963 0.4464151 0.4415008 0.4347605 0.4468422 0.4448768 0.4433283 0.4593009 0.4354699 0.3136147 0.3922664 0.3641912 0.2928625 0.4408258 0.5125129 
GCA_029932465 0.4036206 0.3963004 0.4033854 0.4098360 0.4065946 0.4028752 0.4113194 0.4083255 0.4094764 0.4171733 0.4053647 0.4038436 0.3992222 0.4064158 0.4003951 0.4002004 0.3975700 0.4320862 0.4075198 0.4048509 0.3976590 0.3924980 0.3905271 0.3309869 0.3421974 0.4290856 0.4223639 0.3237298 0.2598061 0.2709822 0.0000000 0.2980182 0.3411149 0.3795572 0.3802022 0.3925861 0.3975379 0.3979313 0.3977447 0.4100229 0.4407061 0.3472447 0.3186687 0.3824948 0.4121540 0.4055903 0.4475694 0.4500593 0.4478901 0.4451428 0.4382594 0.4965601 0.5006226 0.5150159 0.4855601 0.4851043 0.4848661 0.4592303 0.4431798 0.4303912 0.4327027 0.4584973 0.4392712 0.4581055 0.4492056 0.4496849 0.4626128 0.4396427 0.3351575 0.3823167 0.3881099 0.3113702 0.4623171 0.4639547 
GCA_000025665 0.4127282 0.4027565 0.4072711 0.4098607 0.4099152 0.4114025 0.4235630 0.4146029 0.4125030 0.4214609 0.4115945 0.4107874 0.4005704 0.4055573 0.4133220 0.4094325 0.3949188 0.4295065 0.4127261 0.4169305 0.4047144 0.4038019 0.3862220 0.3408546 0.3279428 0.4201227 0.4281937 0.3320971 0.2905267 0.3125883 0.2980182 0.0000000 0.3258466 0.3870384 0.3810508 0.3971792 0.3793296 0.3956701 0.3919100 0.4169825 0.4644082 0.3258327 0.3527005 0.3917474 0.4061982 0.4019395 0.4457025 0.4391180 0.4452772 0.4380690 0.4376600 0.4966596 0.5059877 0.5226285 0.4849427 0.4808297 0.4799252 0.4489671 0.4400123 0.4210544 0.4251215 0.4491943 0.4382168 0.4473772 0.4432822 0.4477526 0.4416151 0.4243770 0.3143947 0.3907645 0.4086305 0.3201270 0.4759441 0.4494783 
GCA_030630685 0.4182136 0.4067324 0.4108671 0.4138960 0.4178342 0.4096385 0.4199457 0.4194125 0.4328375 0.4389065 0.4298205 0.4283143 0.4164203 0.4250150 0.4083810 0.4071158 0.4179920 0.4518421 0.4320548 0.4380862 0.4258249 0.4153749 0.4250834 0.3397546 0.3519939 0.4403593 0.4379200 0.3236848 0.2985236 0.3191953 0.3411149 0.3258466 0.0000000 0.4125467 0.4041460 0.4533711 0.4331572 0.4263241 0.4259618 0.4233016 0.4548260 0.3705563 0.3453959 0.3898332 0.4116313 0.4026590 0.4427235 0.4428490 0.4321835 0.4290047 0.4287012 0.4948466 0.5230431 0.5256658 0.4870553 0.4855108 0.4708391 0.4897949 0.4777381 0.4585039 0.4727509 0.5074709 0.4437329 0.4775664 0.4671528 0.4508795 0.4609132 0.4356283 0.3171221 0.4073913 0.3984246 0.3343705 0.5216479 0.4983120 
GCA_002011165 0.2684801 0.2653752 0.2710768 0.2664389 0.2691073 0.2667485 0.2784764 0.2755313 0.2751574 0.2807915 0.2762031 0.2692346 0.2672532 0.2692035 0.2536809 0.2531548 0.2685574 0.2818433 0.2584289 0.2555439 0.2543646 0.2646131 0.2626230 0.4131011 0.4017058 0.2855373 0.2909958 0.4244395 0.3855608 0.3882611 0.3795572 0.3870384 0.4125467 0.0000000 0.0449129 0.2977214 0.2877498 0.3021263 0.2987421 0.2753740 0.3553504 0.4015715 0.4385051 0.2460941 0.2490409 0.2395353 0.3535763 0.3508778 0.3613118 0.3569247 0.3573673 0.3977806 0.4043981 0.4238162 0.3891515 0.3806285 0.3765325 0.3330014 0.3200940 0.2962504 0.3002473 0.3182747 0.3251324 0.3463806 0.3360313 0.3428667 0.3426474 0.3234758 0.3917113 0.4365940 0.4725493 0.4123678 0.3312304 0.4879258 
GCA_014361165 0.2718016 0.2687368 0.2718549 0.2681811 0.2695931 0.2674350 0.2812293 0.2736615 0.2773976 0.2839625 0.2781603 0.2732876 0.2696590 0.2718111 0.2602410 0.2579091 0.2705726 0.2844762 0.2613194 0.2561873 0.2565155 0.2678370 0.2656729 0.3982935 0.4005766 0.2918465 0.2984660 0.4195208 0.3691149 0.3809100 0.3802022 0.3810508 0.4041460 0.0449129 0.0000000 0.2941799 0.2804293 0.2969069 0.2944977 0.2725084 0.3597810 0.3847566 0.4286787 0.2500169 0.2526600 0.2415109 0.3546749 0.3499397 0.3608527 0.3563185 0.3557655 0.3910648 0.4005215 0.4282216 0.3821909 0.3736875 0.3736529 0.3291382 0.3226437 0.2918250 0.2958298 0.3126214 0.3270228 0.3422051 0.3348496 0.3390866 0.3453607 0.3224608 0.3852261 0.4312082 0.4603517 0.4049576 0.3258288 0.4780681 
GCA_000025285 0.3500696 0.3349008 0.3411867 0.3368065 0.3432839 0.3446130 0.3500073 0.3504071 0.3519498 0.3683063 0.3508741 0.3440989 0.3355381 0.3458583 0.3209925 0.3239807 0.3436346 0.3495562 0.3339130 0.3335745 0.3246743 0.3234932 0.3153225 0.4480428 0.4290579 0.3676002 0.3666621 0.4430151 0.4135219 0.4309791 0.3925861 0.3971792 0.4533711 0.2977214 0.2941799 0.0000000 0.1155556 0.1326973 0.1278779 0.3346193 0.4338255 0.4146223 0.4591625 0.3348780 0.3290086 0.3181668 0.4174455 0.4169073 0.4139062 0.4074411 0.4166323 0.4630230 0.4745027 0.4915593 0.4492905 0.4504102 0.4394456 0.3694173 0.3519798 0.3433032 0.3492449 0.3568084 0.3731361 0.3962965 0.3854439 0.3902210 0.3911309 0.3760486 0.4218905 0.4415998 0.5301569 0.4292253 0.4076297 0.4784528 
GCA_000025505 0.3384104 0.3244659 0.3377778 0.3306266 0.3372758 0.3317016 0.3344929 0.3249197 0.3373935 0.3435121 0.3339943 0.3297545 0.3248133 0.3297714 0.3193540 0.3188047 0.3260642 0.3450027 0.3254963 0.3228466 0.3198880 0.3110204 0.3062221 0.4340072 0.4193488 0.3522049 0.3622690 0.4318758 0.4071179 0.4217475 0.3975379 0.3793296 0.4331572 0.2877498 0.2804293 0.1155556 0.0000000 0.0917049 0.0830472 0.3307666 0.4163742 0.4062551 0.4520175 0.3229172 0.3162837 0.3086644 0.4037330 0.3909374 0.4051722 0.4009752 0.4089749 0.4436258 0.4579623 0.4668583 0.4333882 0.4237102 0.4241013 0.3622524 0.3466146 0.3344656 0.3356055 0.3496031 0.3612011 0.3766324 0.3763478 0.3849850 0.3829533 0.3632255 0.4084309 0.4465573 0.4983932 0.4226627 0.3915623 0.4666842 
GCA_000789255 0.3355969 0.3252535 0.3341783 0.3332811 0.3346668 0.3345308 0.3363529 0.3328500 0.3471614 0.3576759 0.3460380 0.3418143 0.3302612 0.3400061 0.3183171 0.3152998 0.3339853 0.3463593 0.3329675 0.3325692 0.3258642 0.3123304 0.3089374 0.4315777 0.4230972 0.3621624 0.3684026 0.4335825 0.4170055 0.4163372 0.3979313 0.3956701 0.4263241 0.3021263 0.2969069 0.1326973 0.0917049 0.0000000 0.0385516 0.3408941 0.4140678 0.4155659 0.4385215 0.3216767 0.3278147 0.3202034 0.4090077 0.3998753 0.3968700 0.3978482 0.3988756 0.4327024 0.4464109 0.4606441 0.4202978 0.4170491 0.4166842 0.3730783 0.3505851 0.3419600 0.3483500 0.3562435 0.3652902 0.3768157 0.3767106 0.3833918 0.3804564 0.3553636 0.4177975 0.4504530 0.4950710 0.4188115 0.3883597 0.4719678 
GCA_001006045 0.3336964 0.3247915 0.3311158 0.3303363 0.3356203 0.3282000 0.3313680 0.3274032 0.3389177 0.3483224 0.3377334 0.3342679 0.3269339 0.3338567 0.3173271 0.3143473 0.3333796 0.3473384 0.3285266 0.3292618 0.3208850 0.3077320 0.3044669 0.4317399 0.4097155 0.3623727 0.3660282 0.4398255 0.4070439 0.4133480 0.3977447 0.3919100 0.4259618 0.2987421 0.2944977 0.1278779 0.0830472 0.0385516 0.0000000 0.3352486 0.4192685 0.4131440 0.4388663 0.3218541 0.3247184 0.3186084 0.4018240 0.3983562 0.3954449 0.3969555 0.3980613 0.4335960 0.4481734 0.4649686 0.4276599 0.4215306 0.4223904 0.3619135 0.3454288 0.3400852 0.3440610 0.3570172 0.3660418 0.3734058 0.3770062 0.3833565 0.3769699 0.3582998 0.4136083 0.4370246 0.5057065 0.4163695 0.3955044 0.4749283 
GCA_001766815 0.2709767 0.2712110 0.2773643 0.2691199 0.2768209 0.2696595 0.2703722 0.2678472 0.2762112 0.2777542 0.2730760 0.2717377 0.2620247 0.2741567 0.2635227 0.2607825 0.2407442 0.2550063 0.2500925 0.2468595 0.2440225 0.2745267 0.2760354 0.4282292 0.4128662 0.2746500 0.2727243 0.4488514 0.4018956 0.4069324 0.4100229 0.4169825 0.4233016 0.2753740 0.2725084 0.3346193 0.3307666 0.3408941 0.3352486 0.0000000 0.3605445 0.4357369 0.4530532 0.2505384 0.2507137 0.2418684 0.3648237 0.3642469 0.3649470 0.3667990 0.3642244 0.3751249 0.3869642 0.3994882 0.3673889 0.3723804 0.3635217 0.3447672 0.3380959 0.3069659 0.3110346 0.3250056 0.3267821 0.3433128 0.3438313 0.3333568 0.3449371 0.3240853 0.4334978 0.4480235 0.4784436 0.4283812 0.3375656 0.5323516 
GCA_018263395 0.3406007 0.3332982 0.3397957 0.3432410 0.3511272 0.3430891 0.3402728 0.3370489 0.3457029 0.3511017 0.3443813 0.3406787 0.3419472 0.3392735 0.3489849 0.3420455 0.3480191 0.3504984 0.3450493 0.3464778 0.3428926 0.3525185 0.3732375 0.4314864 0.4506171 0.3843459 0.3829420 0.4805646 0.4180243 0.4283708 0.4407061 0.4644082 0.4548260 0.3553504 0.3597810 0.4338255 0.4163742 0.4140678 0.4192685 0.3605445 0.0000000 0.4712469 0.4731396 0.3201266 0.3401266 0.3347853 0.2701033 0.2782584 0.2803531 0.2821899 0.2742596 0.3553168 0.3615656 0.3659635 0.3314211 0.3364773 0.3364784 0.4363996 0.4134568 0.3956145 0.4051706 0.4158681 0.3990857 0.3953456 0.4179334 0.4082723 0.4252371 0.3811396 0.4602860 0.4638741 0.4781086 0.4566411 0.3902686 0.5601596 
GCA_014361245 0.4187780 0.4112332 0.4152875 0.4106577 0.4136626 0.4175082 0.4308727 0.4267388 0.4219865 0.4346784 0.4207260 0.4163942 0.4125616 0.4146518 0.4135903 0.4130302 0.4203969 0.4217214 0.4185560 0.4225306 0.4117211 0.4060190 0.4110314 0.3627067 0.3473422 0.4174261 0.4330705 0.3625615 0.3200219 0.3516701 0.3472447 0.3258327 0.3705563 0.4015715 0.3847566 0.4146223 0.4062551 0.4155659 0.4131440 0.4357369 0.4712469 0.0000000 0.3752311 0.3974268 0.4183069 0.4114860 0.4435900 0.4490924 0.4514931 0.4480860 0.4541751 0.5115020 0.5133395 0.5330328 0.4924154 0.4945363 0.4891643 0.4515833 0.4475711 0.4235380 0.4330888 0.4426218 0.4545569 0.4730092 0.4567844 0.4737582 0.4628162 0.4511777 0.3372752 0.4027249 0.4392351 0.3644774 0.4578769 0.4639053 
GCA_030740765 0.4360494 0.4316306 0.4338228 0.4361263 0.4268371 0.4401529 0.4475353 0.4434562 0.4359991 0.4629230 0.4331654 0.4347611 0.4282165 0.4306764 0.4211175 0.4204264 0.4363139 0.4747622 0.4437758 0.4469561 0.4394136 0.4388693 0.4573829 0.3351217 0.3694021 0.4524389 0.4562387 0.3286898 0.2876635 0.3061047 0.3186687 0.3527005 0.3453959 0.4385051 0.4286787 0.4591625 0.4520175 0.4385215 0.4388663 0.4530532 0.4731396 0.3752311 0.0000000 0.4115405 0.4322004 0.4309866 0.4622777 0.4670046 0.4792803 0.4688418 0.4773084 0.5078789 0.5060165 0.5220538 0.5110406 0.5077430 0.4919109 0.4788366 0.4719601 0.4599187 0.4764286 0.4716589 0.4735249 0.4888501 0.4880609 0.4976534 0.5022667 0.4606305 0.3546572 0.4125163 0.4010040 0.3272842 0.4974409 0.5292009 
GCA_021129915 0.2316931 0.2300164 0.2248385 0.2260531 0.2271790 0.2228619 0.2272492 0.2227945 0.2249611 0.2295618 0.2261044 0.2220355 0.2242259 0.2223733 0.2372959 0.2348676 0.2209994 0.2165012 0.1521043 0.1507017 0.1495234 0.2496617 0.2686036 0.3822710 0.3875834 0.2723035 0.2819779 0.4089105 0.3591837 0.3793018 0.3824948 0.3917474 0.3898332 0.2460941 0.2500169 0.3348780 0.3229172 0.3216767 0.3218541 0.2505384 0.3201266 0.3974268 0.4115405 0.0000000 0.1332420 0.1297433 0.3170196 0.3081988 0.3202273 0.3132725 0.3134538 0.3453458 0.3549716 0.3733381 0.3369201 0.3370525 0.3304206 0.3185185 0.3066781 0.2788075 0.2821341 0.2996986 0.3051879 0.3187813 0.3088037 0.3106641 0.3174969 0.2929096 0.3773959 0.4224460 0.4612997 0.4000851 0.2992922 0.5256404 
GCA_026016205 0.2253298 0.2253065 0.2259181 0.2208379 0.2235622 0.2188833 0.2344840 0.2182368 0.2273365 0.2281340 0.2278575 0.2239702 0.2210956 0.2234896 0.2277318 0.2243762 0.2303660 0.2206489 0.1552115 0.1509403 0.1526855 0.2486256 0.2545766 0.3892249 0.3961140 0.2708853 0.2744421 0.4049644 0.3615294 0.3778442 0.4121540 0.4061982 0.4116313 0.2490409 0.2526600 0.3290086 0.3162837 0.3278147 0.3247184 0.2507137 0.3401266 0.4183069 0.4322004 0.1332420 0.0000000 0.0482009 0.3262302 0.3253298 0.3319167 0.3234739 0.3229367 0.3616392 0.3729816 0.3923818 0.3501467 0.3463417 0.3457852 0.3251069 0.3083107 0.2860693 0.2857360 0.3024474 0.3118849 0.3307360 0.3141325 0.3262594 0.3198667 0.3065832 0.3802079 0.4331693 0.4800970 0.4138783 0.2933542 0.5160029 
GCA_030018435 0.2171253 0.2156679 0.2160352 0.2145885 0.2126874 0.2145234 0.2315150 0.2158896 0.2213700 0.2225086 0.2211345 0.2157827 0.2123037 0.2160986 0.2213252 0.2183936 0.2203843 0.2142622 0.1438097 0.1425321 0.1403578 0.2418123 0.2469675 0.3857576 0.3909779 0.2656609 0.2652055 0.4142643 0.3650398 0.3770877 0.4055903 0.4019395 0.4026590 0.2395353 0.2415109 0.3181668 0.3086644 0.3202034 0.3186084 0.2418684 0.3347853 0.4114860 0.4309866 0.1297433 0.0482009 0.0000000 0.3149817 0.3142474 0.3285605 0.3217799 0.3187596 0.3575685 0.3665680 0.3870328 0.3402075 0.3383982 0.3403340 0.3157324 0.3034458 0.2809717 0.2817992 0.2957086 0.3070074 0.3273098 0.3094134 0.3230454 0.3154071 0.2998194 0.3727744 0.4317099 0.4731127 0.4124661 0.2821573 0.5175007 
GCA_001914405 0.3451411 0.3433161 0.3381896 0.3454855 0.3483055 0.3381187 0.3454827 0.3307127 0.3354003 0.3415805 0.3374678 0.3368284 0.3224743 0.3287023 0.3424163 0.3393444 0.3420974 0.3504042 0.3273126 0.3302911 0.3250771 0.3543600 0.3782639 0.4200823 0.4158146 0.3795474 0.3830773 0.4647839 0.4137963 0.4342500 0.4475694 0.4457025 0.4427235 0.3535763 0.3546749 0.4174455 0.4037330 0.4090077 0.4018240 0.3648237 0.2701033 0.4435900 0.4622777 0.3170196 0.3262302 0.3149817 0.0000000 0.1539014 0.1773270 0.1750854 0.1820448 0.3590134 0.3684140 0.3724161 0.3510878 0.3492988 0.3461005 0.4278632 0.4056755 0.3847385 0.3878960 0.4008484 0.3900135 0.4034708 0.4065333 0.4025320 0.4093295 0.3891483 0.4350378 0.4715589 0.4924634 0.4465691 0.4056740 0.5407300 
GCA_003034855 0.3435924 0.3406882 0.3374353 0.3339983 0.3425639 0.3384508 0.3442096 0.3354886 0.3264257 0.3353346 0.3264497 0.3238038 0.3220109 0.3205407 0.3419603 0.3390461 0.3441980 0.3411683 0.3252680 0.3262564 0.3204750 0.3485203 0.3737633 0.4285923 0.4224960 0.3716822 0.3846287 0.4662225 0.4241077 0.4321742 0.4500593 0.4391180 0.4428490 0.3508778 0.3499397 0.4169073 0.3909374 0.3998753 0.3983562 0.3642469 0.2782584 0.4490924 0.4670046 0.3081988 0.3253298 0.3142474 0.1539014 0.0000000 0.1798366 0.1763868 0.1760414 0.3604395 0.3656027 0.3755298 0.3450211 0.3420745 0.3431834 0.4117896 0.3854023 0.3786561 0.3814373 0.4025471 0.3920177 0.3971245 0.3996318 0.4033899 0.4060636 0.3876451 0.4442477 0.4683554 0.4939147 0.4434683 0.3855500 0.5515227 
GCA_002153915 0.3533011 0.3505633 0.3559822 0.3530394 0.3559032 0.3481581 0.3527238 0.3421782 0.3453175 0.3571533 0.3454429 0.3431796 0.3300327 0.3334541 0.3499209 0.3462057 0.3485806 0.3738720 0.3437113 0.3427943 0.3401832 0.3554809 0.3707085 0.4431528 0.4336336 0.3673449 0.3788881 0.4780997 0.4252732 0.4408094 0.4478901 0.4452772 0.4321835 0.3613118 0.3608527 0.4139062 0.4051722 0.3968700 0.3954449 0.3649470 0.2803531 0.4514931 0.4792803 0.3202273 0.3319167 0.3285605 0.1773270 0.1798366 0.0000000 0.0403287 0.0551023 0.3789623 0.3867822 0.3959285 0.3620773 0.3559101 0.3554159 0.4300343 0.4103512 0.3874531 0.3947751 0.4004546 0.4018721 0.4073423 0.4085994 0.4124263 0.4289152 0.3952661 0.4519742 0.4797847 0.5042274 0.4501992 0.4152364 0.5449220 
GCA_029854155 0.3516861 0.3458334 0.3511082 0.3492219 0.3556872 0.3439985 0.3538347 0.3356506 0.3389275 0.3487125 0.3400353 0.3363120 0.3309945 0.3285455 0.3469089 0.3426688 0.3446731 0.3631728 0.3392204 0.3383054 0.3374873 0.3541695 0.3706638 0.4345017 0.4323300 0.3650721 0.3853828 0.4647068 0.4164304 0.4372798 0.4451428 0.4380690 0.4290047 0.3569247 0.3563185 0.4074411 0.4009752 0.3978482 0.3969555 0.3667990 0.2821899 0.4480860 0.4688418 0.3132725 0.3234739 0.3217799 0.1750854 0.1763868 0.0403287 0.0000000 0.0560658 0.3803487 0.3901846 0.3958961 0.3621253 0.3565032 0.3543096 0.4250804 0.4042615 0.3822511 0.3888841 0.3952255 0.3990659 0.4079277 0.4050497 0.4075390 0.4235633 0.3951451 0.4530640 0.4708557 0.5022434 0.4438099 0.4151717 0.5461778 
GCA_023016325 0.3490279 0.3450850 0.3507166 0.3466362 0.3505079 0.3435822 0.3492238 0.3337428 0.3411732 0.3528981 0.3398495 0.3365789 0.3286312 0.3326383 0.3477872 0.3438288 0.3399562 0.3662155 0.3342222 0.3334020 0.3316869 0.3461126 0.3696161 0.4359906 0.4371803 0.3695930 0.3779763 0.4593461 0.4237351 0.4372042 0.4382594 0.4376600 0.4287012 0.3573673 0.3557655 0.4166323 0.4089749 0.3988756 0.3980613 0.3642244 0.2742596 0.4541751 0.4773084 0.3134538 0.3229367 0.3187596 0.1820448 0.1760414 0.0551023 0.0560658 0.0000000 0.3710421 0.3769595 0.3828738 0.3535696 0.3510893 0.3515824 0.4238919 0.4029163 0.3830021 0.3895016 0.3975187 0.3936239 0.4034993 0.3997676 0.4042146 0.4149140 0.3904159 0.4541620 0.4650576 0.4917178 0.4473057 0.4187213 0.5401049 
GCA_000230955 0.3569780 0.3535861 0.3536801 0.3571206 0.3564655 0.3509689 0.3402635 0.3411168 0.3678114 0.3805157 0.3660614 0.3630710 0.3604172 0.3568505 0.3512112 0.3478315 0.3643962 0.3845966 0.3574630 0.3646841 0.3509255 0.3591602 0.4061031 0.4641184 0.4777850 0.4238612 0.4114515 0.5151753 0.4790935 0.4750924 0.4965601 0.4966596 0.4948466 0.3977806 0.3910648 0.4630230 0.4436258 0.4327024 0.4335960 0.3751249 0.3553168 0.5115020 0.5078789 0.3453458 0.3616392 0.3575685 0.3590134 0.3604395 0.3789623 0.3803487 0.3710421 0.0000000 0.0981914 0.1128028 0.1871283 0.1873487 0.1881205 0.4662280 0.4482906 0.4254049 0.4267524 0.4312662 0.3875898 0.3952612 0.4057430 0.4015732 0.4023139 0.3731763 0.5051392 0.5296301 0.4846516 0.4875746 0.4325489 0.6401702 
