74
GCA_000011005 0.0000000 0.1111540 0.1654568 0.1594487 0.1609546 0.1595295 0.3176992 0.2910547 0.3109941 0.3328725 0.3012654 0.3034529 0.3144110 0.3204014 0.2954748 0.2936168 0.3100105 0.3372515 0.3057512 0.2950613 0.2993838 0.3141709 0.2990836 0.3539587 0.3532710 0.3249676 0.3272083 0.4146297 0.3570498 0.4046712 0.3399411 0.3622209 0.3680399 0.2868135 0.2830146 0.3227888 0.3116617 0.3021005 0.3103718 0.2890188 0.3513149 0.3709772 0.3976373 0.2975189 0.2955445 0.2842525 0.3339641 0.3550225 0.3346926 0.3365209 0.3395355 0.3659699 0.3888028 0.3969810 0.3524797 0.3525250 0.3535138 0.3384084 0.3434738 0.3417706 0.3434631 0.3435003 0.3234063 0.3376871 0.3441567 0.3634891 0.3514250 0.3272965 0.4090358 0.3950793 0.3737393 0.3680234 0.3376174 0.4113405 
GCA_000251105 0.1111540 0.0000000 0.1677463 0.1610342 0.1626935 0.1583213 0.3013681 0.2867005 0.2829749 0.3124586 0.2788627 0.2838471 0.2877093 0.2952602 0.2670239 0.2680491 0.2891550 0.3264943 0.2822849 0.2822538 0.2811103 0.2806550 0.2776634 0.3348785 0.3425428 0.3111883 0.3219950 0.4027979 0.3430415 0.3806383 0.3122021 0.3477731 0.3599144 0.2646869 0.2611402 0.2921516 0.2814532 0.2786570 0.2734987 0.2796635 0.3322616 0.3491319 0.3821381 0.2835105 0.2711403 0.2560462 0.3128562 0.3254230 0.3076880 0.3061672 0.3094685 0.3581450 0.3642411 0.3574305 0.3341138 0.3379214 0.3326143 0.3196255 0.3290215 0.3204529 0.3317479 0.3230560 0.2915091 0.3236503 0.3271379 0.3549732 0.3406788 0.3080663 0.3821581 0.3754876 0.3677575 0.3557395 0.3048068 0.3846220 
GCA_000063445 0.1654568 0.1677463 0.0000000 0.1384895 0.1376180 0.1573934 0.3081562 0.2904823 0.3035580 0.3352974 0.3064125 0.3061291 0.3066798 0.3073836 0.2938118 0.2969953 0.3118371 0.3238971 0.3082492 0.2909295 0.2968578 0.3068670 0.3026731 0.3505863 0.3484757 0.3366165 0.3464127 0.4373017 0.3621556 0.4002100 0.3407389 0.3398848 0.3658339 0.2973334 0.2938084 0.3034231 0.2976378 0.3075055 0.2934016 0.2870141 0.3559768 0.3585037 0.3714297 0.2956113 0.2957409 0.2755445 0.3265491 0.3428115 0.3312433 0.3215908 0.3329096 0.3793066 0.3923494 0.3966283 0.3494806 0.3458804 0.3522493 0.3337145 0.3377483 0.3428425 0.3522735 0.3556494 0.3106129 0.3356488 0.3458294 0.3608889 0.3696612 0.3251847 0.4093960 0.3797431 0.3814092 0.3677459 0.3498017 0.4168747 
GCA_002067315 0.1594487 0.1610342 0.1384895 0.0000000 0.0892679 0.1555959 0.3176684 0.2961553 0.2995844 0.3292995 0.2974224 0.2953377 0.3049783 0.3090329 0.2906718 0.2917460 0.3089464 0.3297036 0.2889727 0.2812095 0.2769740 0.3029298 0.3155116 0.3747304 0.3497911 0.3270043 0.3375044 0.4213579 0.3663710 0.4202002 0.3448849 0.3418627 0.3779228 0.2990189 0.2851842 0.3017935 0.2996336 0.3044124 0.2980912 0.2876112 0.3607920 0.3634018 0.4007341 0.2942706 0.2907788 0.2662564 0.3435348 0.3490386 0.3376136 0.3427015 0.3484744 0.3757656 0.3929218 0.3979048 0.3570801 0.3454997 0.3720348 0.3340443 0.3324600 0.3398362 0.3528485 0.3332119 0.3154808 0.3471791 0.3490326 0.3658559 0.3561931 0.3394679 0.4066401 0.3979841 0.4009660 0.3729174 0.3519794 0.4039695 
GCA_023436075 0.1609546 0.1626935 0.1376180 0.0892679 0.0000000 0.1597645 0.3270325 0.3068323 0.3187849 0.3444803 0.3153886 0.3086861 0.2976686 0.3164175 0.3112493 0.3143160 0.2975595 0.3347587 0.3122800 0.2971180 0.2925504 0.3093700 0.3106937 0.3721375 0.3785522 0.3386673 0.3484873 0.4352298 0.3681048 0.4324887 0.3643812 0.3442653 0.3826294 0.3022821 0.2933310 0.3135635 0.3113899 0.3172260 0.3096878 0.2931553 0.3742331 0.3794187 0.4087137 0.2966977 0.2984006 0.2721718 0.3409044 0.3443577 0.3434711 0.3444843 0.3595732 0.4009899 0.4171442 0.4294648 0.3659702 0.3545660 0.3749704 0.3478415 0.3567292 0.3435354 0.3550309 0.3351195 0.3190935 0.3540223 0.3682355 0.3799324 0.3626983 0.3435688 0.4152540 0.4074644 0.4184628 0.3741028 0.3327555 0.4535066 
GCA_021023085 0.1595295 0.1583213 0.1573934 0.1555959 0.1597645 0.0000000 0.3061925 0.2897473 0.3143676 0.3515066 0.3116788 0.3115385 0.3056855 0.3195470 0.2870310 0.2915554 0.3118616 0.3290374 0.3078519 0.2928140 0.2954588 0.3128682 0.3042115 0.3579359 0.3628961 0.3296280 0.3421513 0.4135019 0.3532908 0.3979060 0.3330309 0.3469068 0.3734701 0.2799740 0.2773782 0.3104265 0.3055565 0.3001611 0.3143053 0.2897135 0.3614175 0.3576463 0.4056977 0.2791688 0.2867444 0.2664359 0.3082719 0.3355229 0.3348437 0.3285174 0.3515809 0.3823739 0.3783391 0.4037032 0.3611726 0.3554729 0.3722796 0.3317080 0.3391131 0.3484694 0.3501540 0.3458576 0.3043848 0.3414682 0.3337744 0.3607507 0.3492725 0.3335723 0.3981441 0.3969921 0.3915008 0.3498823 0.3559306 0.4067905 
GCA_000025865 0.3176992 0.3013681 0.3081562 0.3176684 0.3270325 0.3061925 0.0000000 0.2144153 0.3236387 0.3480119 0.3359783 0.3366771 0.3321009 0.3380080 0.3033320 0.3045582 0.3130339 0.3413213 0.3242309 0.3255595 0.3160038 0.3007988 0.3148709 0.3574445 0.3860279 0.3534068 0.3582114 0.4297110 0.3792121 0.3902214 0.3410187 0.3760636 0.3679737 0.3074635 0.3015955 0.3257652 0.3224405 0.3323387 0.3234140 0.2970856 0.4021192 0.3684242 0.4255164 0.2934003 0.3044459 0.2830163 0.3377332 0.3447054 0.3366895 0.3449602 0.3326656 0.3830508 0.3827802 0.3827627 0.3563529 0.3555734 0.3548152 0.3532927 0.3800658 0.3679605 0.3634850 0.3793451 0.3255602 0.3753157 0.3754444 0.3773423 0.3775899 0.3433893 0.4162423 0.4010243 0.3895076 0.3714756 0.3692921 0.4098827 
GCA_000217995 0.2910547 0.2867005 0.2904823 0.2961553 0.3068323 0.2897473 0.2144153 0.0000000 0.3189750 0.3523824 0.3238207 0.3313356 0.3268733 0.3380743 0.3011012 0.3011081 0.3010057 0.3379071 0.3256201 0.3144273 0.3118414 0.2974168 0.3024108 0.3736902 0.3989309 0.3391364 0.3470180 0.4135537 0.3835536 0.4003821 0.3562035 0.3626797 0.3821935 0.2989773 0.2978835 0.3280907 0.3179551 0.3149374 0.3164240 0.2836404 0.3892455 0.3616413 0.4237230 0.3064197 0.3003503 0.2760168 0.3273108 0.3479390 0.3416640 0.3341058 0.3427701 0.3740150 0.3812044 0.3671514 0.3571685 0.3395791 0.3762461 0.3346509 0.3426420 0.3399256 0.3427350 0.3673736 0.3148355 0.3676284 0.3670056 0.3675599 0.3528944 0.3455056 0.4407266 0.4093578 0.4011847 0.3905393 0.3523456 0.3974812 
GCA_003139855 0.3109941 0.2829749 0.3035580 0.2995844 0.3187849 0.3143676 0.3236387 0.3189750 0.0000000 0.0301022 0.0860331 0.0732707 0.1290148 0.1147534 0.3110590 0.3091217 0.3250097 0.3511000 0.3170176 0.3224959 0.3196386 0.3127796 0.3359900 0.3798277 0.3872358 0.3624138 0.3719809 0.4355093 0.3597878 0.4012619 0.3717631 0.3752071 0.3809312 0.2967350 0.3019915 0.3457683 0.3469384 0.3464304 0.3369161 0.3272171 0.3665415 0.3686975 0.4157812 0.3047814 0.3016610 0.2912663 0.3581954 0.3492198 0.3444659 0.3356981 0.3496889 0.3948211 0.3952899 0.4053310 0.3667519 0.3687379 0.3816463 0.3332042 0.3573476 0.3600178 0.3764797 0.3837701 0.3334561 0.3535013 0.3601573 0.3660259 0.3816159 0.3461946 0.3987658 0.4016985 0.4143289 0.3851712 0.3500226 0.4038082 
GCA_003158275 0.3328725 0.3124586 0.3352974 0.3292995 0.3444803 0.3515066 0.3480119 0.3523824 0.0301022 0.0000000 0.1017212 0.0909514 0.1431624 0.1365167 0.3215500 0.3302181 0.3461198 0.3989430 0.3402989 0.3405640 0.3409459 0.3433182 0.3816225 0.4205147 0.4480054 0.4011922 0.3958372 0.4835065 0.3818669 0.4369477 0.3922051 0.4022466 0.3882785 0.3182587 0.3237387 0.3648547 0.3541961 0.3736799 0.3514169 0.3473244 0.3907592 0.4007368 0.4409342 0.3271909 0.3276728 0.3025383 0.3830622 0.3667537 0.3692186 0.3543512 0.3645031 0.4135095 0.4276711 0.4378230 0.4016511 0.3840698 0.3932404 0.3437156 0.3774583 0.3873682 0.4035402 0.4198186 0.3519270 0.3850406 0.3775188 0.3935955 0.4057170 0.3629268 0.4461523 0.4347505 0.4323188 0.3883087 0.4000159 0.4284014 
GCA_003162175 0.3012654 0.2788627 0.3064125 0.2974224 0.3153886 0.3116788 0.3359783 0.3238207 0.0860331 0.1017212 0.0000000 0.0539398 0.1363665 0.1282854 0.3074848 0.3121646 0.3198011 0.3582575 0.3009151 0.3044702 0.3023874 0.3174595 0.3367003 0.3858526 0.3757841 0.3559558 0.3741357 0.4377548 0.3705728 0.3925000 0.3725705 0.3880610 0.4078776 0.3123496 0.3034517 0.3402798 0.3492966 0.3478901 0.3380264 0.3214079 0.3766952 0.3805805 0.4381986 0.3048169 0.3004049 0.2903324 0.3635415 0.3558820 0.3560286 0.3538861 0.3591830 0.3987962 0.4136837 0.4152035 0.3742498 0.3810444 0.3794160 0.3411895 0.3639296 0.3653153 0.3920273 0.3962181 0.3319010 0.3505589 0.3592740 0.3671613 0.3783495 0.3479322 0.4065978 0.4112515 0.4129366 0.3926224 0.3340380 0.3976637 
GCA_015661395 0.3034529 0.2838471 0.3061291 0.2953377 0.3086861 0.3115385 0.3366771 0.3313356 0.0732707 0.0909514 0.0539398 0.0000000 0.1330504 0.1184075 0.3079838 0.3107719 0.3248604 0.3544529 0.3142784 0.3189894 0.3151187 0.3180979 0.3333361 0.3893092 0.3881267 0.3654251 0.3804634 0.4539384 0.3670121 0.3919068 0.3727308 0.3815164 0.4071505 0.3069218 0.3008608 0.3489856 0.3492206 0.3436122 0.3361763 0.3226813 0.3643851 0.3809453 0.4436182 0.3018128 0.2997216 0.2936873 0.3635123 0.3552737 0.3478677 0.3411806 0.3515672 0.3960881 0.4101312 0.4123752 0.3740721 0.3763153 0.3747885 0.3377652 0.3571847 0.3676990 0.3879199 0.3835228 0.3344918 0.3574432 0.3588947 0.3661768 0.3763107 0.3554068 0.4152824 0.4126446 0.4168502 0.3870582 0.3381862 0.4083851 
GCA_003170935 0.3144110 0.2877093 0.3066798 0.3049783 0.2976686 0.3056855 0.3321009 0.3268733 0.1290148 0.1431624 0.1363665 0.1330504 0.0000000 0.1144863 0.3127949 0.3199261 0.3184205 0.3430749 0.3073261 0.3156913 0.3096601 0.3106570 0.3446019 0.3904680 0.3834439 0.3555779 0.3699751 0.4518921 0.3861991 0.4106329 0.3778577 0.3674433 0.4027889 0.2972258 0.3058388 0.3279307 0.3359770 0.3317568 0.3337715 0.3242674 0.3652139 0.3729438 0.4364610 0.2912567 0.2938830 0.2876536 0.3499553 0.3518476 0.3545405 0.3612304 0.3512341 0.3957806 0.4033752 0.4122991 0.3615781 0.3589215 0.3657668 0.3538156 0.3826101 0.3683410 0.3674003 0.3793268 0.3351576 0.3686017 0.3558802 0.3521978 0.3628188 0.3416115 0.3975214 0.4043848 0.4441909 0.3788812 0.3766226 0.4249316 
GCA_015660915 0.3204014 0.2952602 0.3073836 0.3090329 0.3164175 0.3195470 0.3380080 0.3380743 0.1147534 0.1365167 0.1282854 0.1184075 0.1144863 0.0000000 0.3169060 0.3172317 0.3323615 0.3722532 0.3287197 0.3299686 0.3253698 0.3138285 0.3371759 0.3917558 0.3938957 0.3706225 0.3889647 0.4539362 0.3580971 0.4130970 0.3748099 0.3784739 0.3829346 0.3012605 0.3102367 0.3482012 0.3481377 0.3423418 0.3449069 0.3346527 0.3726358 0.3685693 0.4222713 0.3007984 0.3091858 0.3037674 0.3484511 0.3434205 0.3422968 0.3469874 0.3409657 0.3804811 0.3919533 0.4005697 0.3755069 0.3648839 0.3736949 0.3496952 0.3507546 0.3484901 0.3580369 0.3654578 0.3364237 0.3519113 0.3549820 0.3590881 0.3721359 0.3403528 0.3963483 0.4033831 0.4358325 0.3888084 0.3609414 0.4090929 
GCA_000014945 0.2954748 0.2670239 0.2938118 0.2906718 0.3112493 0.2870310 0.3033320 0.3011012 0.3110590 0.3215500 0.3074848 0.3079838 0.3127949 0.3169060 0.0000000 0.0537580 0.3188237 0.3351959 0.3103122 0.3016352 0.3054157 0.2562908 0.2933792 0.3448657 0.3400196 0.3424034 0.3481813 0.4113242 0.3745879 0.3913606 0.3443944 0.3487747 0.3791499 0.2843672 0.2707911 0.2991702 0.2896590 0.2958402 0.2953096 0.2921928 0.3520321 0.3557514 0.3776206 0.2946949 0.2856038 0.2646624 0.3288631 0.3363238 0.3367107 0.3311800 0.3315019 0.3687940 0.3669415 0.3702703 0.3651508 0.3606011 0.3695769 0.3263862 0.3481200 0.3453748 0.3493477 0.3544420 0.3272244 0.3605826 0.3436411 0.3694958 0.3707194 0.3362006 0.3839611 0.3785342 0.3971579 0.3514434 0.3280015 0.3700923 
GCA_029907715 0.2936168 0.2680491 0.2969953 0.2917460 0.3143160 0.2915554 0.3045582 0.3011081 0.3091217 0.3302181 0.3121646 0.3107719 0.3199261 0.3172317 0.0537580 0.0000000 0.3222722 0.3252458 0.3047892 0.3006501 0.3042457 0.2626302 0.2888585 0.3447232 0.3483930 0.3455956 0.3441861 0.4139182 0.3669385 0.3902486 0.3547882 0.3396877 0.3807757 0.2898959 0.2769369 0.3057276 0.2938909 0.2918817 0.2950139 0.2895148 0.3348991 0.3619713 0.3867225 0.2966077 0.2916836 0.2649317 0.3322470 0.3320988 0.3397973 0.3245898 0.3194062 0.3739433 0.3684689 0.3779717 0.3580246 0.3584913 0.3700738 0.3237609 0.3343550 0.3428269 0.3517568 0.3543993 0.3307518 0.3610358 0.3475846 0.3786333 0.3695855 0.3402668 0.3825626 0.3782348 0.3991279 0.3598203 0.3251377 0.3567826 
GCA_030605385 0.3100105 0.2891550 0.3118371 0.3089464 0.2975595 0.3118616 0.3130339 0.3010057 0.3250097 0.3461198 0.3198011 0.3248604 0.3184205 0.3323615 0.3188237 0.3222722 0.0000000 0.3436783 0.3160193 0.3222351 0.3113544 0.3074785 0.3136385 0.3556010 0.3898019 0.3061832 0.3650768 0.4717225 0.3825615 0.4247832 0.3694558 0.3633157 0.3819546 0.3055850 0.3018850 0.3108019 0.3123004 0.3056280 0.3144518 0.2724137 0.3476859 0.3825076 0.4272133 0.2945313 0.2845991 0.2784534 0.3653130 0.3543773 0.3470062 0.3544039 0.3489747 0.3732243 0.3912813 0.3925628 0.3668323 0.3668157 0.3851971 0.3448862 0.3676697 0.3638094 0.3529720 0.3539127 0.3197646 0.3588851 0.3639580 0.3545186 0.3680569 0.3252269 0.4221699 0.3958593 0.4177998 0.4036713 0.3662686 0.4257803 
GCA_030643285 0.3372515 0.3264943 0.3238971 0.3297036 0.3347587 0.3290374 0.3413213 0.3379071 0.3511000 0.3989430 0.3582575 0.3544529 0.3430749 0.3722532 0.3351959 0.3252458 0.3436783 0.0000000 0.3333884 0.3256091 0.3338236 0.3475613 0.3363796 0.4033637 0.3944240 0.3648051 0.3979308 0.4538530 0.4258709 0.4302136 0.3942846 0.4111493 0.4301887 0.3541187 0.3806197 0.3625466 0.3652279 0.3692683 0.3846756 0.3086720 0.3651727 0.4075996 0.4435276 0.3255626 0.2928806 0.3071267 0.3904619 0.3932848 0.4010490 0.4009347 0.4050574 0.4373584 0.4681156 0.4395231 0.3942140 0.4016033 0.4071936 0.3970085 0.3961719 0.3746526 0.3958749 0.4070962 0.3851294 0.4076235 0.3904163 0.4188225 0.4048476 0.3906779 0.4210425 0.4161904 0.4355036 0.4098723 0.3972588 0.4451899 
GCA_002495885 0.3057512 0.2822849 0.3082492 0.2889727 0.3122800 0.3078519 0.3242309 0.3256201 0.3170176 0.3402989 0.3009151 0.3142784 0.3073261 0.3287197 0.3103122 0.3047892 0.3160193 0.3333884 0.0000000 0.0705640 0.0840529 0.3060899 0.3229924 0.3738480 0.3839979 0.3314351 0.3449613 0.4481482 0.3796329 0.4086618 0.3567464 0.3758025 0.3772237 0.3103051 0.3129297 0.3256760 0.3368812 0.3261882 0.3302499 0.3073271 0.3552174 0.3917930 0.4067640 0.2576219 0.2507379 0.2268503 0.3588180 0.3549971 0.3645036 0.3660396 0.3515953 0.3895784 0.4122589 0.4075758 0.3608101 0.3694763 0.3837124 0.3564623 0.3808094 0.3505721 0.3707514 0.3903139 0.3470147 0.3891347 0.3739670 0.3778495 0.3867883 0.3461834 0.4040756 0.3891977 0.4075157 0.4021575 0.3556105 0.4158152 
GCA_028715545 0.2950613 0.2822538 0.2909295 0.2812095 0.2971180 0.2928140 0.3255595 0.3144273 0.3224959 0.3405640 0.3044702 0.3189894 0.3156913 0.3299686 0.3016352 0.3006501 0.3222351 0.3256091 0.0705640 0.0000000 0.0806407 0.3014108 0.3120394 0.3711562 0.3722188 0.3315337 0.3420182 0.4333447 0.3730713 0.4012425 0.3511356 0.3623053 0.3766931 0.3086046 0.3079859 0.3201583 0.3237140 0.3122640 0.3208493 0.2919492 0.3616871 0.3738847 0.4111303 0.2500788 0.2593709 0.2304088 0.3619088 0.3514987 0.3542214 0.3590786 0.3431669 0.3967060 0.4083066 0.4085219 0.3611626 0.3691571 0.3659208 0.3524618 0.3722177 0.3452098 0.3703616 0.3766031 0.3376092 0.3649079 0.3614407 0.3664870 0.3851513 0.3459927 0.3956466 0.3825875 0.4015221 0.3923752 0.3664338 0.3931722 
GCA_028715985 0.2993838 0.2811103 0.2968578 0.2769740 0.2925504 0.2954588 0.3160038 0.3118414 0.3196386 0.3409459 0.3023874 0.3151187 0.3096601 0.3253698 0.3054157 0.3042457 0.3113544 0.3338236 0.0840529 0.0806407 0.0000000 0.3073884 0.3128480 0.3814161 0.3772049 0.3271677 0.3416349 0.4462656 0.3956841 0.4044900 0.3559000 0.3681424 0.3887277 0.3124730 0.3153171 0.3283143 0.3454543 0.3369134 0.3335151 0.3025072 0.3637112 0.3789960 0.4229934 0.2480289 0.2495222 0.2181718 0.3727889 0.3577091 0.3519633 0.3683578 0.3536544 0.4001782 0.4134582 0.4195879 0.3642781 0.3723470 0.3808728 0.3544465 0.3896874 0.3545001 0.3683777 0.3766748 0.3337206 0.3903159 0.3708614 0.3743743 0.3811528 0.3495692 0.4076945 0.3909618 0.4201284 0.4017149 0.3766429 0.4285660 
GCA_000711905 0.3141709 0.2806550 0.3068670 0.3029298 0.3093700 0.3128682 0.3007988 0.2974168 0.3127796 0.3433182 0.3174595 0.3180979 0.3106570 0.3138285 0.2562908 0.2626302 0.3074785 0.3475613 0.3060899 0.3014108 0.3073884 0.0000000 0.2381373 0.3533436 0.3291262 0.3156534 0.3512111 0.4062577 0.3748656 0.3941535 0.3187415 0.3228901 0.3673421 0.2731088 0.2674972 0.2939398 0.2951372 0.2837281 0.2846089 0.2846605 0.3388679 0.3413771 0.4061098 0.2925801 0.2925394 0.2806109 0.3537974 0.3433875 0.3242835 0.3261092 0.3214886 0.3689905 0.3697142 0.3788384 0.3521242 0.3411855 0.3604796 0.3138136 0.3303384 0.3463250 0.3497779 0.3642674 0.3134077 0.3464382 0.3290835 0.3587983 0.3522579 0.3042333 0.3812709 0.3642791 0.3890366 0.3751494 0.3386185 0.3823479 
GCA_002010075 0.2990836 0.2776634 0.3026731 0.3155116 0.3106937 0.3042115 0.3148709 0.3024108 0.3359900 0.3816225 0.3367003 0.3333361 0.3446019 0.3371759 0.2933792 0.2888585 0.3136385 0.3363796 0.3229924 0.3120394 0.3128480 0.2381373 0.0000000 0.3596146 0.3598360 0.3245138 0.3559782 0.4382219 0.3694194 0.3951584 0.3414759 0.3293547 0.3559389 0.2901517 0.2796060 0.2820326 0.2882355 0.2797763 0.2997662 0.2890465 0.3234732 0.3441353 0.4341550 0.2912553 0.2976820 0.2799206 0.3439585 0.3614925 0.3228986 0.3219187 0.3240313 0.3792586 0.3762295 0.3874747 0.3659669 0.3555860 0.3855387 0.3083149 0.3240941 0.3545252 0.3584063 0.3713414 0.3211381 0.3486005 0.3504790 0.3649130 0.3604027 0.3204031 0.3798932 0.3812380 0.3866675 0.3658254 0.3651965 0.4152298 
GCA_016207515 0.3539587 0.3348785 0.3505863 0.3747304 0.3721375 0.3579359 0.3574445 0.3736902 0.3798277 0.4205147 0.3858526 0.3893092 0.3904680 0.3917558 0.3448657 0.3447232 0.3556010 0.4033637 0.3738480 0.3711562 0.3814161 0.3533436 0.3596146 0.0000000 0.3150607 0.4118080 0.4160595 0.3730066 0.3365318 0.3422283 0.3234976 0.3166245 0.3330218 0.3454137 0.3359680 0.3746127 0.3511842 0.3476552 0.3543897 0.3350400 0.3871901 0.3455894 0.3836007 0.3467525 0.3556346 0.3428675 0.3528613 0.3724059 0.3735439 0.3533694 0.3627079 0.3877005 0.4091896 0.4009903 0.3773379 0.3695305 0.3926677 0.3781825 0.3720725 0.3831795 0.3929616 0.3932368 0.3535352 0.3719268 0.3820219 0.3821486 0.3929516 0.3678936 0.3722331 0.3652252 0.3681589 0.3467273 0.3774028 0.4074732 
GCA_028716125 0.3532710 0.3425428 0.3484757 0.3497911 0.3785522 0.3628961 0.3860279 0.3989309 0.3872358 0.4480054 0.3757841 0.3881267 0.3834439 0.3938957 0.3400196 0.3483930 0.3898019 0.3944240 0.3839979 0.3722188 0.3772049 0.3291262 0.3598360 0.3150607 0.0000000 0.3853474 0.3799800 0.3801527 0.3539126 0.4154587 0.3035726 0.3239156 0.3403058 0.3449718 0.3376771 0.3622069 0.3527258 0.3576704 0.3412489 0.3523446 0.3856449 0.3314132 0.3973609 0.3584300 0.3535383 0.3440511 0.3919161 0.3998408 0.3675894 0.3563043 0.3778293 0.4249212 0.4390871 0.4231601 0.4050635 0.4005918 0.3975349 0.3693304 0.3996960 0.4093410 0.4153915 0.4092422 0.3718350 0.4119211 0.4266849 0.4177556 0.4394991 0.3971272 0.3518830 0.3669746 0.3795904 0.3727107 0.3777534 0.3971185 
GCA_021159465 0.3249676 0.3111883 0.3366165 0.3270043 0.3386673 0.3296280 0.3534068 0.3391364 0.3624138 0.4011922 0.3559558 0.3654251 0.3555779 0.3706225 0.3424034 0.3455956 0.3061832 0.3648051 0.3314351 0.3315337 0.3271677 0.3156534 0.3245138 0.4118080 0.3853474 0.0000000 0.2415641 0.4415092 0.3903604 0.4420534 0.3459546 0.3739238 0.3946588 0.2979660 0.2945228 0.3158289 0.3263881 0.3081666 0.3259463 0.3223413 0.3803903 0.3783452 0.4462171 0.3352864 0.3196714 0.3077956 0.3818920 0.3755281 0.3552223 0.3557878 0.3613455 0.4087615 0.4285272 0.4162746 0.3930444 0.3868788 0.3749429 0.3576576 0.3796491 0.3793875 0.3805157 0.3912546 0.3403066 0.3787824 0.3710998 0.4013487 0.4048627 0.3595993 0.4062917 0.4275384 0.3887029 0.3985879 0.3741425 0.4184499 
GCA_030611045 0.3272083 0.3219950 0.3464127 0.3375044 0.3484873 0.3421513 0.3582114 0.3470180 0.3719809 0.3958372 0.3741357 0.3804634 0.3699751 0.3889647 0.3481813 0.3441861 0.3650768 0.3979308 0.3449613 0.3420182 0.3416349 0.3512111 0.3559782 0.4160595 0.3799800 0.2415641 0.0000000 0.4792750 0.4251344 0.4543094 0.3610177 0.3759826 0.4244117 0.3045445 0.3182514 0.3528664 0.3544281 0.3520656 0.3567686 0.3283885 0.4228052 0.3828752 0.4496264 0.3461242 0.3165052 0.3130395 0.3939486 0.3876544 0.3675328 0.3649578 0.3704441 0.4016164 0.4418907 0.4377012 0.3898207 0.3949364 0.3897816 0.3793149 0.3841381 0.3672340 0.3833597 0.3675655 0.3744310 0.3804208 0.3953973 0.4081208 0.4062304 0.3762522 0.4300606 0.4263695 0.4282407 0.4101168 0.4006664 0.4078105 
GCA_016874675 0.4146297 0.4027979 0.4373017 0.4213579 0.4352298 0.4135019 0.4297110 0.4135537 0.4355093 0.4835065 0.4377548 0.4539384 0.4518921 0.4539362 0.4113242 0.4139182 0.4717225 0.4538530 0.4481482 0.4333447 0.4462656 0.4062577 0.4382219 0.3730066 0.3801527 0.4415092 0.4792750 0.0000000 0.3217306 0.3913992 0.3475021 0.3570576 0.3660581 0.4010512 0.3877975 0.4099200 0.4198651 0.4163638 0.4166325 0.4089888 0.4687521 0.3770881 0.3872883 0.4015338 0.4286910 0.4209868 0.4600088 0.4343445 0.4309353 0.4342965 0.4210557 0.4553266 0.4825216 0.4975257 0.4797885 0.4564910 0.4692502 0.4307081 0.4579333 0.4170642 0.4435546 0.4399855 0.4316603 0.4444427 0.4537754 0.4897733 0.4840959 0.4406308 0.3565748 0.4360371 0.4070725 0.3683468 0.4559099 0.4370089 
GCA_020356005 0.3570498 0.3430415 0.3621556 0.3663710 0.3681048 0.3532908 0.3792121 0.3835536 0.3597878 0.3818669 0.3705728 0.3670121 0.3861991 0.3580971 0.3745879 0.3669385 0.3825615 0.4258709 0.3796329 0.3730713 0.3956841 0.3748656 0.3694194 0.3365318 0.3539126 0.3903604 0.4251344 0.3217306 0.0000000 0.3048482 0.2799082 0.2997886 0.3347376 0.3503295 0.3356157 0.3633444 0.3607641 0.3509689 0.3415831 0.3388045 0.4072996 0.3163840 0.3306022 0.3615301 0.3688897 0.3605289 0.3760747 0.3705496 0.3673974 0.3610427 0.3720448 0.3894740 0.4323631 0.4352858 0.4096863 0.3994382 0.4053744 0.3777230 0.4155330 0.3853823 0.4002628 0.4186756 0.3857568 0.3852235 0.4147577 0.4225404 0.4362530 0.3756591 0.3278417 0.3917497 0.3664687 0.3151656 0.4123883 0.4187872 
GCA_028279585 0.4046712 0.3806383 0.4002100 0.4202002 0.4324887 0.3979060 0.3902214 0.4003821 0.4012619 0.4369477 0.3925000 0.3919068 0.4106329 0.4130970 0.3913606 0.3902486 0.4247832 0.4302136 0.4086618 0.4012425 0.4044900 0.3941535 0.3951584 0.3422283 0.4154587 0.4420534 0.4543094 0.3913992 0.3048482 0.0000000 0.3279185 0.3557216 0.3520633 0.3853056 0.3846842 0.3843680 0.3848285 0.3858102 0.3675067 0.3725199 0.4314000 0.3745358 0.3738740 0.3898571 0.3997278 0.3771939 0.4174681 0.4051013 0.3727984 0.3841928 0.3928576 0.4447061 0.4696014 0.4685412 0.4279542 0.4226702 0.4270427 0.3999343 0.4241773 0.4444543 0.4466199 0.4412875 0.4283405 0.4685858 0.4488921 0.4473747 0.4747410 0.4050031 0.3878004 0.4231657 0.3877634 0.3383545 0.4120067 0.4800820 
GCA_029932465 0.3399411 0.3122021 0.3407389 0.3448849 0.3643812 0.3330309 0.3410187 0.3562035 0.3717631 0.3922051 0.3725705 0.3727308 0.3778577 0.3748099 0.3443944 0.3547882 0.3694558 0.3942846 0.3567464 0.3511356 0.3559000 0.3187415 0.3414759 0.3234976 0.3035726 0.3459546 0.3610177 0.3475021 0.2799082 0.3279185 0.0000000 0.2928036 0.3070824 0.3096204 0.2996862 0.3174780 0.3191900 0.3060861 0.3170935 0.3202033 0.3832511 0.3001551 0.3384133 0.3320682 0.3440246 0.3135371 0.3603813 0.3658620 0.3528175 0.3450261 0.3415483 0.3808165 0.4034382 0.3916573 0.3848616 0.3655847 0.3872152 0.3371254 0.3666463 0.3544218 0.3564548 0.3772437 0.3627157 0.3846745 0.3733969 0.4187177 0.4154835 0.3618315 0.3355224 0.3689709 0.3476105 0.3143214 0.3807425 0.3555756 
GCA_000025665 0.3622209 0.3477731 0.3398848 0.3418627 0.3442653 0.3469068 0.3760636 0.3626797 0.3752071 0.4022466 0.3880610 0.3815164 0.3674433 0.3784739 0.3487747 0.3396877 0.3633157 0.4111493 0.3758025 0.3623053 0.3681424 0.3228901 0.3293547 0.3166245 0.3239156 0.3739238 0.3759826 0.3570576 0.2997886 0.3557216 0.2928036 0.0000000 0.3238629 0.3119329 0.2966383 0.3176696 0.3017936 0.3055542 0.3086739 0.3180676 0.3991221 0.3059629 0.3656814 0.3353526 0.3579469 0.3143763 0.3796707 0.3719849 0.3634321 0.3474143 0.3572803 0.4070385 0.3994103 0.4185742 0.3971019 0.3900511 0.4030096 0.3373444 0.3519200 0.3804504 0.3780956 0.4045972 0.3474954 0.3812068 0.3935677 0.4020491 0.4011061 0.3592238 0.3389194 0.3605447 0.3637637 0.3381350 0.3885904 0.3865029 
GCA_030630685 0.3680399 0.3599144 0.3658339 0.3779228 0.3826294 0.3734701 0.3679737 0.3821935 0.3809312 0.3882785 0.4078776 0.4071505 0.4027889 0.3829346 0.3791499 0.3807757 0.3819546 0.4301887 0.3772237 0.3766931 0.3887277 0.3673421 0.3559389 0.3330218 0.3403058 0.3946588 0.4244117 0.3660581 0.3347376 0.3520633 0.3070824 0.3238629 0.0000000 0.3551694 0.3583715 0.3636270 0.3423928 0.3490322 0.3502116 0.3449609 0.4019431 0.3523447 0.3741270 0.4034020 0.3885935 0.3571355 0.3960048 0.3801783 0.3978249 0.3740485 0.3802172 0.4076069 0.4180732 0.4112705 0.4063730 0.3991020 0.3933031 0.3713413 0.3854053 0.3717369 0.4087484 0.3895508 0.3829255 0.4289942 0.4150947 0.4117009 0.4159915 0.3653009 0.3636318 0.3987162 0.3815298 0.3525598 0.4245916 0.4393218 
GCA_002011165 0.2868135 0.2646869 0.2973334 0.2990189 0.3022821 0.2799740 0.3074635 0.2989773 0.2967350 0.3182587 0.3123496 0.3069218 0.2972258 0.3012605 0.2843672 0.2898959 0.3055850 0.3541187 0.3103051 0.3086046 0.3124730 0.2731088 0.2901517 0.3454137 0.3449718 0.2979660 0.3045445 0.4010512 0.3503295 0.3853056 0.3096204 0.3119329 0.3551694 0.0000000 0.0977443 0.2681061 0.2576735 0.2704048 0.2588237 0.2858951 0.3462482 0.3201282 0.4055052 0.2925903 0.2930241 0.2660543 0.3329491 0.3400447 0.3223319 0.3125995 0.3145481 0.3491654 0.3653509 0.3721999 0.3462713 0.3364144 0.3562107 0.3044175 0.3231662 0.3060763 0.3252712 0.3328629 0.3106433 0.3362807 0.3285085 0.3683149 0.3556830 0.3088370 0.3491488 0.3533517 0.3852635 0.3604612 0.3668251 0.3519610 
GCA_014361165 0.2830146 0.2611402 0.2938084 0.2851842 0.2933310 0.2773782 0.3015955 0.2978835 0.3019915 0.3237387 0.3034517 0.3008608 0.3058388 0.3102367 0.2707911 0.2769369 0.3018850 0.3806197 0.3129297 0.3079859 0.3153171 0.2674972 0.2796060 0.3359680 0.3376771 0.2945228 0.3182514 0.3877975 0.3356157 0.3846842 0.2996862 0.2966383 0.3583715 0.0977443 0.0000000 0.2498584 0.2464620 0.2553745 0.2477410 0.2763216 0.3464012 0.2999964 0.4037028 0.2831085 0.2935196 0.2628625 0.3135884 0.3224186 0.3164292 0.3016263 0.3034545 0.3597338 0.3792829 0.3750167 0.3513222 0.3448882 0.3382041 0.2918092 0.3172272 0.3039634 0.3221304 0.3346714 0.3062394 0.3257451 0.3266673 0.3627396 0.3528982 0.2991393 0.3571110 0.3512600 0.3781898 0.3463141 0.3535730 0.3410232 
GCA_000025285 0.3227888 0.2921516 0.3034231 0.3017935 0.3135635 0.3104265 0.3257652 0.3280907 0.3457683 0.3648547 0.3402798 0.3489856 0.3279307 0.3482012 0.2991702 0.3057276 0.3108019 0.3625466 0.3256760 0.3201583 0.3283143 0.2939398 0.2820326 0.3746127 0.3622069 0.3158289 0.3528664 0.4099200 0.3633444 0.3843680 0.3174780 0.3176696 0.3636270 0.2681061 0.2498584 0.0000000 0.1528580 0.1879833 0.1719929 0.2918645 0.3521457 0.3175769 0.4023462 0.3166154 0.3183678 0.2867853 0.3540857 0.3392569 0.3406258 0.3332955 0.3333572 0.3773590 0.4048705 0.3989446 0.3435702 0.3528533 0.3648278 0.2986922 0.3367121 0.3415832 0.3495803 0.3439580 0.3248023 0.3711730 0.3517290 0.3858466 0.3680933 0.3242078 0.3740982 0.3569136 0.3871101 0.3540496 0.3699575 0.3455229 
GCA_000025505 0.3116617 0.2814532 0.2976378 0.2996336 0.3113899 0.3055565 0.3224405 0.3179551 0.3469384 0.3541961 0.3492966 0.3492206 0.3359770 0.3481377 0.2896590 0.2938909 0.3123004 0.3652279 0.3368812 0.3237140 0.3454543 0.2951372 0.2882355 0.3511842 0.3527258 0.3263881 0.3544281 0.4198651 0.3607641 0.3848285 0.3191900 0.3017936 0.3423928 0.2576735 0.2464620 0.1528580 0.0000000 0.1592489 0.1345300 0.2951136 0.3449370 0.3218981 0.3915803 0.3072868 0.3025345 0.2787766 0.3331914 0.3337299 0.3397682 0.3250070 0.3290585 0.3664322 0.3734483 0.3855491 0.3475712 0.3555929 0.3597252 0.3107700 0.3341072 0.3488713 0.3536396 0.3518322 0.3163050 0.3574316 0.3513344 0.3781728 0.3630100 0.3157948 0.3674675 0.3614160 0.3713597 0.3408973 0.3521106 0.3492920 
GCA_000789255 0.3021005 0.2786570 0.3075055 0.3044124 0.3172260 0.3001611 0.3323387 0.3149374 0.3464304 0.3736799 0.3478901 0.3436122 0.3317568 0.3423418 0.2958402 0.2918817 0.3056280 0.3692683 0.3261882 0.3122640 0.3369134 0.2837281 0.2797763 0.3476552 0.3576704 0.3081666 0.3520656 0.4163638 0.3509689 0.3858102 0.3060861 0.3055542 0.3490322 0.2704048 0.2553745 0.1879833 0.1592489 0.0000000 0.1034629 0.3070347 0.3688252 0.3113624 0.4124825 0.3058031 0.2934695 0.2788221 0.3359555 0.3390912 0.3504547 0.3397085 0.3424113 0.3670637 0.3812957 0.3886331 0.3536930 0.3469661 0.3670398 0.3016052 0.3369885 0.3448589 0.3553741 0.3496458 0.3134645 0.3447662 0.3482259 0.3693814 0.3601583 0.3111617 0.3592701 0.3636248 0.3807788 0.3402559 0.3662301 0.3521004 
GCA_001006045 0.3103718 0.2734987 0.2934016 0.2980912 0.3096878 0.3143053 0.3234140 0.3164240 0.3369161 0.3514169 0.3380264 0.3361763 0.3337715 0.3449069 0.2953096 0.2950139 0.3144518 0.3846756 0.3302499 0.3208493 0.3335151 0.2846089 0.2997662 0.3543897 0.3412489 0.3259463 0.3567686 0.4166325 0.3415831 0.3675067 0.3170935 0.3086739 0.3502116 0.2588237 0.2477410 0.1719929 0.1345300 0.1034629 0.0000000 0.2900828 0.3521571 0.3232842 0.3973937 0.3009337 0.3021567 0.2785087 0.3279743 0.3327211 0.3434923 0.3344198 0.3239548 0.3686962 0.3813674 0.3903336 0.3554853 0.3533763 0.3603133 0.3117745 0.3319136 0.3430543 0.3558515 0.3474633 0.3218940 0.3497138 0.3587464 0.3698669 0.3588470 0.3125079 0.3677006 0.3574913 0.3832620 0.3486288 0.3496754 0.3547858 
GCA_001766815 0.2890188 0.2796635 0.2870141 0.2876112 0.2931553 0.2897135 0.2970856 0.2836404 0.3272171 0.3473244 0.3214079 0.3226813 0.3242674 0.3346527 0.2921928 0.2895148 0.2724137 0.3086720 0.3073271 0.2919492 0.3025072 0.2846605 0.2890465 0.3350400 0.3523446 0.3223413 0.3283885 0.4089888 0.3388045 0.3725199 0.3202033 0.3180676 0.3449609 0.2858951 0.2763216 0.2918645 0.2951136 0.3070347 0.2900828 0.0000000 0.3561319 0.3298847 0.3707507 0.2843407 0.2861310 0.2592807 0.3233939 0.3399024 0.3287605 0.3265053 0.3168146 0.3524860 0.3622030 0.3622154 0.3307766 0.3337234 0.3458157 0.3424192 0.3485437 0.3411582 0.3342086 0.3446890 0.3236007 0.3638989 0.3601967 0.3525850 0.3653574 0.3272512 0.3787255 0.3528788 0.3697282 0.3608990 0.3411367 0.3839499 
GCA_018263395 0.3513149 0.3322616 0.3559768 0.3607920 0.3742331 0.3614175 0.4021192 0.3892455 0.3665415 0.3907592 0.3766952 0.3643851 0.3652139 0.3726358 0.3520321 0.3348991 0.3476859 0.3651727 0.3552174 0.3616871 0.3637112 0.3388679 0.3234732 0.3871901 0.3856449 0.3803903 0.4228052 0.4687521 0.4072996 0.4314000 0.3832511 0.3991221 0.4019431 0.3462482 0.3464012 0.3521457 0.3449370 0.3688252 0.3521571 0.3561319 0.0000000 0.4158921 0.4664136 0.3347799 0.3668121 0.3486271 0.3125121 0.3487077 0.3240938 0.3101837 0.3336515 0.4037149 0.3943818 0.4088968 0.3511099 0.3683652 0.3660602 0.4141127 0.4039313 0.3904997 0.3788351 0.4008422 0.3935968 0.4186812 0.4042776 0.4276852 0.4304633 0.3660221 0.4251159 0.3980598 0.3929793 0.4094573 0.3852677 0.4249250 
GCA_014361245 0.3709772 0.3491319 0.3585037 0.3634018 0.3794187 0.3576463 0.3684242 0.3616413 0.3686975 0.4007368 0.3805805 0.3809453 0.3729438 0.3685693 0.3557514 0.3619713 0.3825076 0.4075996 0.3917930 0.3738847 0.3789960 0.3413771 0.3441353 0.3455894 0.3314132 0.3783452 0.3828752 0.3770881 0.3163840 0.3745358 0.3001551 0.3059629 0.3523447 0.3201282 0.2999964 0.3175769 0.3218981 0.3113624 0.3232842 0.3298847 0.4158921 0.0000000 0.3536028 0.3528659 0.3654687 0.3382857 0.3668312 0.3736985 0.3557648 0.3474398 0.3520562 0.4198823 0.4209284 0.4317967 0.4131780 0.4119570 0.4339965 0.3365325 0.3619571 0.3399105 0.3671446 0.3543684 0.3703256 0.3788490 0.3984156 0.4161413 0.4091779 0.3657271 0.3274263 0.3546234 0.3789361 0.3569037 0.4034571 0.3660718 
GCA_030740765 0.3976373 0.3821381 0.3714297 0.4007341 0.4087137 0.4056977 0.4255164 0.4237230 0.4157812 0.4409342 0.4381986 0.4436182 0.4364610 0.4222713 0.3776206 0.3867225 0.4272133 0.4435276 0.4067640 0.4111303 0.4229934 0.4061098 0.4341550 0.3836007 0.3973609 0.4462171 0.4496264 0.3872883 0.3306022 0.3738740 0.3384133 0.3656814 0.3741270 0.4055052 0.4037028 0.4023462 0.3915803 0.4124825 0.3973937 0.3707507 0.4664136 0.3536028 0.0000000 0.4250039 0.4158340 0.3958885 0.4126704 0.4120640 0.4035556 0.3922115 0.4019592 0.4314994 0.4411322 0.4559403 0.4552673 0.4370900 0.4470471 0.4213693 0.4381162 0.4319231 0.4365284 0.4352582 0.4339258 0.4586898 0.4692973 0.4703852 0.4981913 0.4159532 0.4107982 0.4390207 0.4092851 0.3982639 0.4832490 0.4902361 
GCA_021129915 0.2975189 0.2835105 0.2956113 0.2942706 0.2966977 0.2791688 0.2934003 0.3064197 0.3047814 0.3271909 0.3048169 0.3018128 0.2912567 0.3007984 0.2946949 0.2966077 0.2945313 0.3255626 0.2576219 0.2500788 0.2480289 0.2925801 0.2912553 0.3467525 0.3584300 0.3352864 0.3461242 0.4015338 0.3615301 0.3898571 0.3320682 0.3353526 0.4034020 0.2925903 0.2831085 0.3166154 0.3072868 0.3058031 0.3009337 0.2843407 0.3347799 0.3528659 0.4250039 0.0000000 0.2279613 0.2130939 0.3006517 0.3322576 0.3114651 0.3078832 0.3131770 0.3728677 0.3609875 0.3791279 0.3338961 0.3445372 0.3586940 0.3473119 0.3658958 0.3348078 0.3359675 0.3228610 0.3026175 0.3654142 0.3306939 0.3450875 0.3491497 0.3086338 0.3597381 0.3858759 0.4035329 0.3426277 0.3416137 0.4043170 
GCA_026016205 0.2955445 0.2711403 0.2957409 0.2907788 0.2984006 0.2867444 0.3044459 0.3003503 0.3016610 0.3276728 0.3004049 0.2997216 0.2938830 0.3091858 0.2856038 0.2916836 0.2845991 0.2928806 0.2507379 0.2593709 0.2495222 0.2925394 0.2976820 0.3556346 0.3535383 0.3196714 0.3165052 0.4286910 0.3688897 0.3997278 0.3440246 0.3579469 0.3885935 0.2930241 0.2935196 0.3183678 0.3025345 0.2934695 0.3021567 0.2861310 0.3668121 0.3654687 0.4158340 0.2279613 0.0000000 0.1396185 0.3355398 0.3430948 0.3273634 0.3223718 0.3160326 0.3617163 0.3799048 0.3728038 0.3423020 0.3637774 0.3712283 0.3464694 0.3685001 0.3486401 0.3494349 0.3459225 0.3194576 0.3583559 0.3262713 0.3733271 0.3661647 0.3273138 0.3906779 0.3973996 0.4224386 0.3649927 0.3559371 0.4087023 
GCA_030018435 0.2842525 0.2560462 0.2755445 0.2662564 0.2721718 0.2664359 0.2830163 0.2760168 0.2912663 0.3025383 0.2903324 0.2936873 0.2876536 0.3037674 0.2646624 0.2649317 0.2784534 0.3071267 0.2268503 0.2304088 0.2181718 0.2806109 0.2799206 0.3428675 0.3440511 0.3077956 0.3130395 0.4209868 0.3605289 0.3771939 0.3135371 0.3143763 0.3571355 0.2660543 0.2628625 0.2867853 0.2787766 0.2788221 0.2785087 0.2592807 0.3486271 0.3382857 0.3958885 0.2130939 0.1396185 0.0000000 0.3362060 0.3294308 0.3084966 0.3135296 0.3058342 0.3588679 0.3487737 0.3531905 0.3237372 0.3328926 0.3551287 0.3073112 0.3399240 0.3256544 0.3378236 0.3480878 0.3030000 0.3476161 0.3275096 0.3577329 0.3464500 0.3109147 0.3595791 0.3843754 0.3961426 0.3457548 0.3427314 0.3813787 
GCA_001914405 0.3339641 0.3128562 0.3265491 0.3435348 0.3409044 0.3082719 0.3377332 0.3273108 0.3581954 0.3830622 0.3635415 0.3635123 0.3499553 0.3484511 0.3288631 0.3322470 0.3653130 0.3904619 0.3588180 0.3619088 0.3727889 0.3537974 0.3439585 0.3528613 0.3919161 0.3818920 0.3939486 0.4600088 0.3760747 0.4174681 0.3603813 0.3796707 0.3960048 0.3329491 0.3135884 0.3540857 0.3331914 0.3359555 0.3279743 0.3233939 0.3125121 0.3668312 0.4126704 0.3006517 0.3355398 0.3362060 0.0000000 0.2163366 0.2422353 0.2282533 0.2407529 0.3743840 0.3747099 0.3710240 0.3434520 0.3437231 0.3503960 0.3706506 0.3688855 0.3692494 0.3828511 0.3823981 0.3653398 0.3954206 0.3880415 0.4048790 0.3933753 0.3697986 0.4112424 0.4077420 0.3873533 0.3757259 0.3905655 0.4019455 
GCA_003034855 0.3550225 0.3254230 0.3428115 0.3490386 0.3443577 0.3355229 0.3447054 0.3479390 0.3492198 0.3667537 0.3558820 0.3552737 0.3518476 0.3434205 0.3363238 0.3320988 0.3543773 0.3932848 0.3549971 0.3514987 0.3577091 0.3433875 0.3614925 0.3724059 0.3998408 0.3755281 0.3876544 0.4343445 0.3705496 0.4051013 0.3658620 0.3719849 0.3801783 0.3400447 0.3224186 0.3392569 0.3337299 0.3390912 0.3327211 0.3399024 0.3487077 0.3736985 0.4120640 0.3322576 0.3430948 0.3294308 0.2163366 0.0000000 0.2183188 0.2211666 0.2179457 0.3826328 0.3938403 0.3805965 0.3435847 0.3401972 0.3642791 0.3631568 0.3828617 0.3527484 0.3712133 0.3692801 0.3774850 0.3956137 0.3939983 0.4149393 0.4129165 0.3719213 0.4219143 0.3981183 0.4111443 0.3870371 0.3963036 0.3907008 
GCA_002153915 0.3346926 0.3076880 0.3312433 0.3376136 0.3434711 0.3348437 0.3366895 0.3416640 0.3444659 0.3692186 0.3560286 0.3478677 0.3545405 0.3422968 0.3367107 0.3397973 0.3470062 0.4010490 0.3645036 0.3542214 0.3519633 0.3242835 0.3228986 0.3735439 0.3675894 0.3552223 0.3675328 0.4309353 0.3673974 0.3727984 0.3528175 0.3634321 0.3978249 0.3223319 0.3164292 0.3406258 0.3397682 0.3504547 0.3434923 0.3287605 0.3240938 0.3557648 0.4035556 0.3114651 0.3273634 0.3084966 0.2422353 0.2183188 0.0000000 0.0925071 0.1094692 0.3596727 0.3753046 0.3835886 0.3521206 0.3491121 0.3504074 0.3511715 0.3675337 0.3650263 0.3726340 0.3847342 0.3573103 0.3880557 0.3922059 0.4257638 0.4079692 0.3783407 0.3932261 0.4012982 0.4045589 0.3547977 0.3983753 0.3989407 
GCA_029854155 0.3365209 0.3061672 0.3215908 0.3427015 0.3444843 0.3285174 0.3449602 0.3341058 0.3356981 0.3543512 0.3538861 0.3411806 0.3612304 0.3469874 0.3311800 0.3245898 0.3544039 0.4009347 0.3660396 0.3590786 0.3683578 0.3261092 0.3219187 0.3533694 0.3563043 0.3557878 0.3649578 0.4342965 0.3610427 0.3841928 0.3450261 0.3474143 0.3740485 0.3125995 0.3016263 0.3332955 0.3250070 0.3397085 0.3344198 0.3265053 0.3101837 0.3474398 0.3922115 0.3078832 0.3223718 0.3135296 0.2282533 0.2211666 0.0925071 0.0000000 0.1121875 0.3715497 0.3673473 0.3873953 0.3568586 0.3420349 0.3573444 0.3491190 0.3615151 0.3631810 0.3765082 0.3739347 0.3474378 0.3777187 0.3819595 0.4172911 0.3893122 0.3696545 0.3894330 0.4008428 0.3972218 0.3565648 0.3760239 0.3805151 
GCA_023016325 0.3395355 0.3094685 0.3329096 0.3484744 0.3595732 0.3515809 0.3326656 0.3427701 0.3496889 0.3645031 0.3591830 0.3515672 0.3512341 0.3409657 0.3315019 0.3194062 0.3489747 0.4050574 0.3515953 0.3431669 0.3536544 0.3214886 0.3240313 0.3627079 0.3778293 0.3613455 0.3704441 0.4210557 0.3720448 0.3928576 0.3415483 0.3572803 0.3802172 0.3145481 0.3034545 0.3333572 0.3290585 0.3424113 0.3239548 0.3168146 0.3336515 0.3520562 0.4019592 0.3131770 0.3160326 0.3058342 0.2407529 0.2179457 0.1094692 0.1121875 0.0000000 0.3568449 0.3882417 0.3858583 0.3573989 0.3521706 0.3519361 0.3581125 0.3765289 0.3646667 0.3766473 0.3843960 0.3518253 0.3811667 0.3808322 0.4028542 0.4052561 0.3680204 0.3955035 0.3871325 0.4174147 0.3560932 0.3904519 0.3791656 
GCA_000230955 0.3659699 0.3581450 0.3793066 0.3757656 0.4009899 0.3823739 0.3830508 0.3740150 0.3948211 0.4135095 0.3987962 0.3960881 0.3957806 0.3804811 0.3687940 0.3739433 0.3732243 0.4373584 0.3895784 0.3967060 0.4001782 0.3689905 0.3792586 0.3877005 0.4249212 0.4087615 0.4016164 0.4553266 0.3894740 0.4447061 0.3808165 0.4070385 0.4076069 0.3491654 0.3597338 0.3773590 0.3664322 0.3670637 0.3686962 0.3524860 0.4037149 0.4198823 0.4314994 0.3728677 0.3617163 0.3588679 0.3743840 0.3826328 0.3596727 0.3715497 0.3568449 0.0000000 0.2047110 0.2178204 0.2875652 0.2743677 0.2749069 0.3913443 0.4105436 0.4265825 0.4050433 0.4299333 0.3873134 0.4058954 0.4028449 0.4143795 0.4434129 0.3937457 0.4425490 0.4305818 0.4270029 0.4157366 0.4519082 0.4666930 
