74
GCA_000011005 0.0000000 0.1364875 0.2758877 0.2619007 0.2670523 0.2613256 0.8082732 0.7950956 0.8124674 0.8459425 0.8094994 0.8025550 0.8075891 0.7973361 0.7808651 0.7741637 0.8331259 0.8085805 0.7386857 0.7360009 0.7227637 0.8519892 0.8480324 1.2033020 1.1897085 0.9383370 0.9742391 1.3168588 1.2032304 1.2328955 1.2342230 1.2161751 1.3009419 0.8583577 0.8611869 1.0409186 1.0250108 1.0397782 1.0317118 0.8883199 1.1073300 1.2553465 1.3411114 0.7309853 0.7103967 0.6964565 1.0896335 1.0903923 1.0845705 1.0783803 1.0887848 1.1700013 1.1710252 1.2118695 1.1510249 1.1248457 1.1162608 1.0957278 1.0815769 0.9705512 0.9733503 1.0270275 0.9740002 1.0526219 1.0137331 1.0042309 1.0037997 0.9585858 1.2358680 1.4058244 1.4518296 1.2919514 1.0392298 1.5504797 
GCA_000251105 0.1364875 0.0000000 0.2733849 0.2671732 0.2680668 0.2614569 0.7830492 0.7683217 0.7923095 0.8302454 0.7836031 0.7786896 0.7850103 0.7744132 0.7456481 0.7386113 0.8039357 0.7911412 0.7173356 0.7122147 0.7004508 0.8114096 0.8132909 1.1916005 1.1642993 0.9073404 0.9352994 1.2786539 1.1773927 1.2154421 1.1981834 1.1825347 1.2723867 0.8248039 0.8213678 0.9972648 0.9797697 1.0031324 0.9959024 0.8636454 1.0798863 1.2235177 1.3173049 0.7166013 0.6860964 0.6705521 1.0638457 1.0637817 1.0668591 1.0604635 1.0709024 1.1474277 1.1397254 1.1711070 1.1162314 1.0922108 1.0859983 1.0696493 1.0514233 0.9516971 0.9572675 1.0101772 0.9542453 1.0277684 0.9869815 0.9778669 0.9936380 0.9346555 1.1968084 1.3721928 1.4492443 1.2641371 1.0217235 1.4987806 
GCA_000063445 0.2758877 0.2733849 0.0000000 0.1916154 0.1931960 0.2490761 0.8021320 0.7849053 0.8181704 0.8564056 0.8179387 0.8114253 0.8139000 0.8073383 0.7743795 0.7714770 0.8295652 0.8028605 0.7226904 0.7279917 0.7149009 0.8543373 0.8446532 1.2144003 1.2034229 0.9482522 0.9796117 1.3340556 1.2098909 1.2384483 1.2362248 1.2062705 1.2793799 0.8544932 0.8558622 1.0268148 1.0115819 1.0315412 1.0148369 0.8881915 1.1129504 1.2560049 1.3435645 0.7214887 0.6995630 0.6874314 1.0670364 1.0720535 1.0852896 1.0769816 1.0883697 1.1621384 1.1688872 1.2164740 1.1401111 1.1237058 1.1123295 1.0903004 1.0748480 0.9705815 0.9757764 1.0337952 0.9650989 1.0410763 1.0146918 0.9969318 1.0156520 0.9569861 1.2431195 1.3862844 1.4736990 1.2922438 1.0419564 1.5593396 
GCA_002067315 0.2619007 0.2671732 0.1916154 0.0000000 0.1087655 0.2437613 0.7992897 0.7831005 0.8153092 0.8541316 0.8112204 0.8064018 0.8097273 0.7991399 0.7875848 0.7812396 0.8347802 0.8137310 0.7178864 0.7200829 0.7044088 0.8393633 0.8461034 1.2167492 1.2064462 0.9488804 0.9827404 1.3103910 1.2063215 1.2466625 1.2561330 1.2190987 1.2971658 0.8619081 0.8564372 1.0313146 1.0137842 1.0359900 1.0210742 0.8798989 1.1082510 1.2523376 1.3549500 0.7260872 0.6872149 0.6812250 1.0922011 1.0845741 1.0918415 1.0873295 1.0902882 1.1683190 1.1816617 1.2104229 1.1457868 1.1242001 1.1085867 1.0945454 1.0920854 0.9721264 0.9753721 1.0336962 0.9809265 1.0554517 1.0160842 1.0140309 1.0079543 0.9631625 1.2464260 1.4080703 1.4715070 1.3046071 1.0388220 1.5667222 
GCA_023436075 0.2670523 0.2680668 0.1931960 0.1087655 0.0000000 0.2451233 0.8056804 0.7892944 0.8273697 0.8658857 0.8198855 0.8171072 0.8219739 0.8136475 0.7921630 0.7878303 0.8375697 0.8034700 0.7204977 0.7261566 0.7105069 0.8518851 0.8432767 1.2340544 1.2136958 0.9493552 0.9777546 1.2794808 1.2022937 1.2439234 1.2555191 1.2155093 1.3042069 0.8658044 0.8537258 1.0421721 1.0199813 1.0390023 1.0241966 0.8935587 1.1512767 1.2514177 1.3358582 0.7362215 0.7044504 0.6847534 1.0886364 1.0979598 1.0957005 1.0877451 1.0974750 1.1686066 1.1798425 1.2068119 1.1441779 1.1229146 1.1226074 1.1085459 1.0959504 0.9793490 0.9798981 1.0183407 0.9948126 1.0636690 1.0207144 1.0227160 1.0210042 0.9740322 1.2441913 1.4246946 1.4733128 1.2992719 1.0164795 1.5777441 
GCA_021023085 0.2613256 0.2614569 0.2490761 0.2437613 0.2451233 0.0000000 0.7651486 0.7452707 0.7928880 0.8230617 0.7811662 0.7783080 0.7892031 0.7829186 0.7625552 0.7564792 0.8202083 0.7718775 0.6997082 0.7019856 0.6858988 0.8260670 0.8274089 1.2268407 1.2090171 0.9262686 0.9507475 1.3304400 1.1981994 1.2266281 1.2374924 1.2106180 1.2954627 0.8431241 0.8441317 1.0208116 1.0006790 1.0292230 1.0098078 0.8711762 1.1048250 1.2435905 1.3555646 0.7002395 0.6841683 0.6693442 1.0550481 1.0684214 1.0616357 1.0610655 1.0741762 1.1536168 1.1534575 1.2003333 1.1295455 1.1031453 1.0939984 1.0894362 1.0745595 0.9667391 0.9699258 1.0240884 0.9744618 1.0521300 1.0156640 0.9850383 1.0053045 0.9590263 1.2172131 1.3903844 1.4818395 1.2848950 1.0397703 1.5472541 
GCA_000025865 0.8082732 0.7830492 0.8021320 0.7992897 0.8056804 0.7651486 0.0000000 0.4137734 0.8530711 0.8887667 0.8506580 0.8426806 0.8345326 0.8381647 0.7621142 0.7614270 0.8360581 0.8337718 0.7726976 0.7726185 0.7585355 0.8114152 0.8287905 1.2437969 1.2140090 0.9868368 0.9834462 1.3399613 1.2010264 1.2500747 1.2562427 1.2415570 1.3255048 0.8800879 0.8800487 1.0494531 1.0213629 1.0429348 1.0310715 0.8858598 1.1214431 1.2708766 1.3427147 0.7499246 0.7409864 0.7343982 1.0929754 1.0775954 1.0817121 1.0877665 1.0834372 1.1402100 1.1712133 1.2087807 1.1399625 1.1210630 1.1234312 1.0801345 1.0721033 0.9618973 0.9663407 1.0052624 1.0328539 1.0812513 1.0873973 1.0322253 1.0853889 1.0001096 1.2861480 1.4037789 1.5123485 1.3149879 1.1149818 1.5711914 
GCA_000217995 0.7950956 0.7683217 0.7849053 0.7831005 0.7892944 0.7452707 0.4137734 0.0000000 0.8312051 0.8561987 0.8268240 0.8181045 0.8165361 0.8204563 0.7468651 0.7486208 0.8063110 0.7968441 0.7449505 0.7427190 0.7319789 0.7913126 0.8034290 1.2346730 1.2155403 0.9507994 0.9518697 1.3440624 1.1909922 1.2335848 1.2568034 1.2451236 1.3268974 0.8647580 0.8546123 1.0448633 1.0047252 1.0417073 1.0303350 0.8667754 1.1136095 1.2575228 1.3339223 0.7205723 0.6952757 0.6839698 1.0652149 1.0698940 1.0616972 1.0566184 1.0644419 1.1487389 1.1725675 1.2220019 1.1337055 1.1206782 1.1170119 1.0515470 1.0333361 0.9494953 0.9573123 1.0091623 1.0196252 1.0740974 1.0761192 1.0102280 1.0699217 0.9858195 1.2617719 1.3743297 1.5019325 1.2945300 1.0948778 1.5366735 
GCA_003139855 0.8124674 0.7923095 0.8181704 0.8153092 0.8273697 0.7928880 0.8530711 0.8312051 0.0000000 0.0080194 0.0681510 0.0625765 0.1710129 0.1437177 0.8328444 0.8348101 0.8363449 0.8626576 0.7543529 0.7600952 0.7469159 0.8899024 0.9044806 1.2359235 1.2608821 0.9595817 0.9844179 1.3338248 1.1761951 1.2563037 1.2532662 1.2301536 1.3491709 0.8675706 0.8729250 1.0498871 1.0335781 1.0474452 1.0405147 0.9173269 1.1215919 1.2742191 1.3544294 0.7220291 0.7177543 0.7051223 1.0793486 1.0627516 1.0760998 1.0782232 1.0760696 1.1497159 1.1663186 1.2213071 1.1322412 1.1150474 1.1110907 1.1036130 1.0905985 1.0050069 1.0049659 1.0383349 1.0191214 1.0888943 1.0572486 1.0502689 1.0658442 1.0014402 1.2676914 1.3855606 1.4699103 1.2930284 1.0595456 1.5579800 
GCA_003158275 0.8459425 0.8302454 0.8564056 0.8541316 0.8658857 0.8230617 0.8887667 0.8561987 0.0080194 0.0000000 0.0705448 0.0643734 0.1714876 0.1439952 0.8799869 0.8791672 0.8542411 0.9011170 0.7745578 0.7844853 0.7734885 0.9339633 0.9484995 1.2840931 1.3092061 1.0122560 1.0184439 1.3715163 1.2450865 1.3511635 1.2917083 1.2647953 1.3735914 0.8797067 0.8877810 1.0893017 1.0689725 1.0971697 1.0782931 0.9394204 1.1342137 1.3250427 1.4366391 0.7430404 0.7427845 0.7249880 1.1045786 1.0902521 1.1105313 1.1112057 1.1134112 1.1982751 1.2149790 1.2747408 1.1835629 1.1637089 1.1476786 1.1421294 1.1351356 1.0316983 1.0289087 1.0876530 1.0697712 1.1543388 1.1046606 1.0925489 1.1205824 1.0470691 1.2842012 1.3993904 1.5262425 1.3612021 1.1829917 1.5944037 
GCA_003162175 0.8094994 0.7836031 0.8179387 0.8112204 0.8198855 0.7811662 0.8506580 0.8268240 0.0681510 0.0705448 0.0000000 0.0374909 0.1657730 0.1360041 0.8228918 0.8251433 0.8331721 0.8576804 0.7482896 0.7519222 0.7427279 0.8838996 0.8999870 1.2308715 1.2491342 0.9520216 0.9712002 1.3324587 1.1731834 1.2560767 1.2583964 1.2293625 1.3439491 0.8665649 0.8704863 1.0455230 1.0284296 1.0440062 1.0326416 0.9005258 1.1134320 1.2637049 1.3491164 0.7155484 0.7116558 0.6959243 1.0816768 1.0580641 1.0725512 1.0703125 1.0713867 1.1456836 1.1646115 1.2158163 1.1385056 1.1238595 1.1054771 1.0918150 1.0754570 0.9928801 0.9956210 1.0309919 1.0128052 1.0806402 1.0491078 1.0383767 1.0575975 0.9977709 1.2514995 1.3732372 1.4614068 1.2865156 1.0704777 1.5438471 
GCA_015661395 0.8025550 0.7786896 0.8114253 0.8064018 0.8171072 0.7783080 0.8426806 0.8181045 0.0625765 0.0643734 0.0374909 0.0000000 0.1620162 0.1306422 0.8185381 0.8207510 0.8223303 0.8475274 0.7402133 0.7456082 0.7351186 0.8770633 0.8912241 1.2272344 1.2481981 0.9476088 0.9645726 1.3296009 1.1645686 1.2507313 1.2486235 1.2192385 1.3383108 0.8532267 0.8633690 1.0306875 1.0183123 1.0312913 1.0235748 0.8954195 1.1026481 1.2582677 1.3483145 0.7094729 0.7060524 0.6888757 1.0730404 1.0502766 1.0624694 1.0612702 1.0604662 1.1403470 1.1569578 1.2081126 1.1278504 1.1139539 1.1061795 1.0934288 1.0793716 0.9889291 0.9900797 1.0267216 1.0054863 1.0818142 1.0393888 1.0350835 1.0515671 0.9949106 1.2551816 1.3657951 1.4593188 1.2886587 1.0592702 1.5446589 
GCA_003170935 0.8075891 0.7850103 0.8139000 0.8097273 0.8219739 0.7892031 0.8345326 0.8165361 0.1710129 0.1714876 0.1657730 0.1620162 0.0000000 0.1115975 0.8110227 0.8107069 0.8167845 0.8453429 0.7417641 0.7409874 0.7311344 0.8679444 0.8766307 1.2114788 1.2377551 0.9419494 0.9659289 1.3269529 1.1670537 1.2262268 1.2309299 1.2086237 1.3213883 0.8480904 0.8557111 1.0190267 1.0056046 1.0166502 1.0123075 0.8725648 1.1274100 1.2471324 1.3330983 0.7240765 0.7158862 0.7019042 1.0526376 1.0481641 1.0519960 1.0538078 1.0461919 1.1431215 1.1642732 1.1999482 1.1251535 1.1109656 1.1062034 1.0744667 1.0556004 0.9697992 0.9733365 1.0068958 1.0132558 1.0677761 1.0297116 1.0281069 1.0419836 0.9798766 1.2396144 1.3208826 1.4522761 1.2742912 1.0423994 1.5205432 
GCA_015660915 0.7973361 0.7744132 0.8073383 0.7991399 0.8136475 0.7829186 0.8381647 0.8204563 0.1437177 0.1439952 0.1360041 0.1306422 0.1115975 0.0000000 0.8149684 0.8152697 0.8257010 0.8549387 0.7396912 0.7418896 0.7299763 0.8708497 0.8961621 1.2184658 1.2450102 0.9402248 0.9683867 1.3247883 1.1705447 1.2380460 1.2493372 1.2166220 1.3396545 0.8526889 0.8559631 1.0367143 1.0189654 1.0399372 1.0294778 0.8987099 1.1094120 1.2599619 1.3418754 0.7149114 0.7087247 0.6917255 1.0671381 1.0529311 1.0591869 1.0561558 1.0548213 1.1385352 1.1582203 1.2074276 1.1267582 1.1077082 1.1078557 1.0912935 1.0722090 0.9905733 0.9891721 1.0345889 1.0121745 1.0690012 1.0400680 1.0316832 1.0497833 0.9924995 1.2501734 1.3584540 1.4592444 1.2919600 1.0667200 1.5358802 
GCA_000014945 0.7808651 0.7456481 0.7743795 0.7875848 0.7921630 0.7625552 0.7621142 0.7468651 0.8328444 0.8799869 0.8228918 0.8185381 0.8110227 0.8149684 0.0000000 0.0478420 0.8106334 0.8046269 0.7709758 0.7668593 0.7534352 0.7973636 0.8085734 1.2186416 1.2211894 0.9281173 0.9527855 1.3188835 1.1854405 1.2758011 1.2359793 1.2094596 1.2906070 0.8190715 0.8083850 0.9776577 0.9879481 0.9983354 0.9900651 0.8703289 1.0675201 1.2567014 1.3211705 0.7536103 0.7328938 0.7124149 1.0991056 1.0920884 1.0983714 1.0883986 1.0955976 1.1673596 1.1793023 1.2046798 1.1612245 1.1313535 1.1240590 1.0721060 1.0681364 0.9580623 0.9692423 1.0200434 1.0198266 1.0820062 1.0363193 1.0613200 1.0740534 0.9829724 1.2207579 1.3795213 1.4713475 1.2669595 0.9921078 1.4827886 
GCA_029907715 0.7741637 0.7386113 0.7714770 0.7812396 0.7878303 0.7564792 0.7614270 0.7486208 0.8348101 0.8791672 0.8251433 0.8207510 0.8107069 0.8152697 0.0478420 0.0000000 0.8081528 0.8073376 0.7710912 0.7643344 0.7521722 0.7883349 0.8039148 1.2107357 1.2167146 0.9207188 0.9509838 1.3005849 1.1851909 1.2782169 1.2263561 1.1991238 1.2875837 0.8166978 0.8044342 0.9750830 0.9836660 0.9934787 0.9859311 0.8637658 1.0639496 1.2478500 1.3197652 0.7502902 0.7293697 0.7095393 1.0944496 1.0904729 1.0928883 1.0862784 1.0884184 1.1585991 1.1794038 1.2015362 1.1499752 1.1190231 1.1194158 1.0744829 1.0700404 0.9553579 0.9663617 1.0178071 1.0166243 1.0762393 1.0279839 1.0645300 1.0712176 0.9802485 1.2213680 1.3724058 1.4661706 1.2651804 0.9831839 1.4848443 
GCA_030605385 0.8331259 0.8039357 0.8295652 0.8347802 0.8375697 0.8202083 0.8360581 0.8063110 0.8363449 0.8542411 0.8331721 0.8223303 0.8167845 0.8257010 0.8106334 0.8081528 0.0000000 0.7164287 0.7677394 0.7615010 0.7483329 0.8690281 0.8567290 1.2346271 1.2373106 0.8738926 0.8856837 1.3282336 1.1880395 1.2239316 1.2157212 1.1953399 1.2828735 0.8595750 0.8543017 1.0403793 1.0160122 1.0493228 1.0384775 0.8107006 1.1287509 1.2610726 1.3426106 0.7474396 0.7264750 0.7126305 1.0821865 1.0830627 1.0963978 1.1061537 1.0928086 1.1720804 1.1895034 1.2241976 1.1481022 1.1392167 1.1369567 1.0878725 1.0553053 0.9370831 0.9540091 0.9842879 1.0275349 1.0636683 1.0472652 1.0280933 1.0441022 0.9933628 1.2245998 1.3636903 1.4911292 1.2810923 0.9973523 1.5218521 
GCA_030643285 0.8085805 0.7911412 0.8028605 0.8137310 0.8034700 0.7718775 0.8337718 0.7968441 0.8626576 0.9011170 0.8576804 0.8475274 0.8453429 0.8549387 0.8046269 0.8073376 0.7164287 0.0000000 0.7182921 0.7244870 0.7145031 0.8832454 0.8735492 1.2396509 1.1731784 0.8816674 0.8847243 1.3084956 1.2351430 1.2818456 1.2853139 1.2637594 1.3463818 0.8851761 0.8873863 1.0736416 1.0547685 1.0870596 1.0834987 0.8194164 1.1210697 1.2666059 1.3847890 0.6902135 0.6887575 0.6797248 1.0745886 1.0591691 1.1014515 1.0969189 1.1038166 1.2181500 1.2618856 1.2981647 1.1813169 1.1546339 1.1528372 1.0581475 1.0375140 0.9580900 0.9545608 0.9903207 1.1112393 1.1691440 1.1289109 1.0981981 1.1330588 1.0824189 1.2779153 1.4397355 1.5142033 1.3524519 1.0437261 1.5900899 
GCA_002495885 0.7386857 0.7173356 0.7226904 0.7178864 0.7204977 0.6997082 0.7726976 0.7449505 0.7543529 0.7745578 0.7482896 0.7402133 0.7417641 0.7396912 0.7709758 0.7710912 0.7677394 0.7182921 0.0000000 0.0589423 0.0691890 0.8498114 0.8348764 1.2504929 1.2150668 0.8797786 0.9058041 1.3154483 1.1788646 1.2531395 1.2489241 1.2313908 1.3058979 0.8231535 0.8308926 1.0170636 1.0053129 1.0347922 1.0162119 0.8367228 1.1032929 1.2404314 1.3325853 0.4916232 0.4819442 0.4565106 1.0231433 1.0167355 1.0364793 1.0324406 1.0304703 1.1596389 1.1934864 1.2340824 1.1391931 1.1160389 1.1225031 1.0313370 1.0156010 0.9156401 0.9129880 0.9553795 1.0566831 1.0996499 1.0604610 1.0688779 1.0686960 1.0055197 1.1976691 1.3621075 1.5029238 1.2947118 1.0043045 1.5345768 
GCA_028715545 0.7360009 0.7122147 0.7279917 0.7200829 0.7261566 0.7019856 0.7726185 0.7427190 0.7600952 0.7844853 0.7519222 0.7456082 0.7409874 0.7418896 0.7668593 0.7643344 0.7615010 0.7244870 0.0589423 0.0000000 0.0652288 0.8465885 0.8268630 1.2525465 1.2130779 0.8678478 0.8905034 1.3156402 1.1853865 1.2532248 1.2455043 1.2366781 1.3146684 0.8231579 0.8258777 1.0207247 1.0026353 1.0299970 1.0125688 0.8288961 1.0974278 1.2434424 1.3379240 0.4847349 0.4794785 0.4584446 1.0288510 1.0180498 1.0381667 1.0341794 1.0302678 1.1754454 1.2042912 1.2437775 1.1474163 1.1244692 1.1273624 1.0259653 1.0074907 0.9043216 0.9064183 0.9468058 1.0582237 1.1043300 1.0594916 1.0738748 1.0638334 1.0104821 1.1987258 1.3624607 1.5035162 1.3010209 1.0061607 1.5260745 
GCA_028715985 0.7227637 0.7004508 0.7149009 0.7044088 0.7105069 0.6858988 0.7585355 0.7319789 0.7469159 0.7734885 0.7427279 0.7351186 0.7311344 0.7299763 0.7534352 0.7521722 0.7483329 0.7145031 0.0691890 0.0652288 0.0000000 0.8302036 0.8178856 1.2300665 1.1977181 0.8611793 0.8868363 1.3027203 1.1742578 1.2380576 1.2287216 1.2051717 1.3010485 0.8095030 0.8126556 0.9978937 0.9869407 1.0194839 0.9983705 0.8197189 1.0797413 1.2242054 1.3182626 0.4783187 0.4721044 0.4451203 1.0186081 1.0092528 1.0263344 1.0239032 1.0227990 1.1459867 1.1807433 1.2175959 1.1259691 1.1070776 1.1132784 1.0271150 1.0117180 0.9112298 0.9139325 0.9524705 1.0332911 1.0866025 1.0456798 1.0567124 1.0505635 0.9917703 1.1868401 1.3469627 1.4801800 1.2756883 0.9903302 1.5080256 
GCA_000711905 0.8519892 0.8114096 0.8543373 0.8393633 0.8518851 0.8260670 0.8114152 0.7913126 0.8899024 0.9339633 0.8838996 0.8770633 0.8679444 0.8708497 0.7973636 0.7883349 0.8690281 0.8832454 0.8498114 0.8465885 0.8302036 0.0000000 0.5203930 1.2375069 1.2438117 0.9420381 0.9681210 1.3153775 1.2105155 1.2757607 1.2054415 1.2319244 1.3110835 0.8489231 0.8385064 0.9796883 0.9807665 1.0037260 0.9860828 0.8967132 1.1141508 1.2330099 1.3475397 0.8088571 0.8037761 0.7821320 1.1320148 1.1323154 1.1152916 1.1206396 1.1082005 1.1724789 1.2011963 1.2485065 1.1598474 1.1358573 1.1405173 1.1011473 1.0843506 0.9909321 1.0054492 1.0702000 1.0129917 1.0702217 1.0521395 1.0551433 1.0644144 0.9990742 1.2571414 1.3453945 1.4486022 1.2897635 1.0765623 1.4753942 
GCA_002010075 0.8480324 0.8132909 0.8446532 0.8461034 0.8432767 0.8274089 0.8287905 0.8034290 0.9044806 0.9484995 0.8999870 0.8912241 0.8766307 0.8961621 0.8085734 0.8039148 0.8567290 0.8735492 0.8348764 0.8268630 0.8178856 0.5203930 0.0000000 1.2424030 1.2400999 0.9195945 0.9553633 1.3396121 1.1972626 1.2664185 1.1963579 1.1582096 1.3154115 0.8046711 0.8010142 0.9340401 0.9298873 0.9634871 0.9399593 0.8846192 1.1401403 1.2144923 1.3483087 0.8211406 0.7902782 0.7718774 1.1034910 1.1104138 1.1021032 1.0978014 1.1054375 1.2119265 1.2410023 1.2733610 1.1898023 1.1708840 1.1658883 1.0466775 1.0418195 0.9470350 0.9727080 1.0218762 1.0489198 1.1026322 1.0693006 1.0729519 1.0822055 1.0075133 1.2389594 1.3460475 1.4978796 1.2780006 1.1017350 1.4314120 
GCA_016207515 1.2033020 1.1916005 1.2144003 1.2167492 1.2340544 1.2268407 1.2437969 1.2346730 1.2359235 1.2840931 1.2308715 1.2272344 1.2114788 1.2184658 1.2186416 1.2107357 1.2346271 1.2396509 1.2504929 1.2525465 1.2300665 1.2375069 1.2424030 0.0000000 0.9727688 1.3289138 1.3445865 0.9995642 0.9113649 0.9917803 1.0304449 1.0653749 1.0628261 1.2199205 1.1971468 1.2957266 1.2851183 1.2968051 1.2931812 1.2966942 1.3476704 1.1001641 1.0866490 1.1656519 1.1791372 1.1682278 1.3202088 1.3231297 1.3251151 1.3135393 1.3228238 1.4447009 1.4740587 1.5035942 1.4142530 1.4080379 1.4143844 1.4540233 1.4369233 1.3421371 1.3593852 1.4182030 1.3456627 1.3731140 1.3534206 1.3692143 1.3637987 1.3136068 1.0530585 1.2120173 1.2277885 1.0499264 1.3164865 1.5093690 
GCA_028716125 1.1897085 1.1642993 1.2034229 1.2064462 1.2136958 1.2090171 1.2140090 1.2155403 1.2608821 1.3092061 1.2491342 1.2481981 1.2377551 1.2450102 1.2211894 1.2167146 1.2373106 1.1731784 1.2150668 1.2130779 1.1977181 1.2438117 1.2400999 0.9727688 0.0000000 1.2989603 1.3280579 1.0428091 0.9327184 1.0561622 1.0589791 1.0325161 1.0720007 1.2013532 1.1912070 1.2578424 1.2577064 1.2845171 1.2534259 1.2731016 1.3811771 1.0462452 1.1561873 1.1905636 1.1876288 1.1801242 1.3204952 1.3260945 1.3083442 1.3065229 1.3167238 1.5011501 1.5123083 1.5585790 1.4621956 1.4406147 1.4866592 1.4036976 1.3825712 1.3210061 1.3194704 1.3840257 1.3170578 1.3716470 1.3380295 1.3462360 1.3482139 1.3111453 0.9705324 1.2310021 1.2718471 1.0481784 1.3578458 1.4548272 
GCA_021159465 0.9383370 0.9073404 0.9482522 0.9488804 0.9493552 0.9262686 0.9868368 0.9507994 0.9595817 1.0122560 0.9520216 0.9476088 0.9419494 0.9402248 0.9281173 0.9207188 0.8738926 0.8816674 0.8797786 0.8678478 0.8611793 0.9420381 0.9195945 1.3289138 1.2989603 0.0000000 0.3915055 1.3806502 1.2082359 1.2858193 1.2706579 1.2366541 1.3507353 0.8928001 0.8887583 1.0679397 1.0462691 1.0950377 1.0773324 0.8982530 1.2193702 1.2317560 1.3927854 0.8715754 0.8436655 0.8218155 1.1502117 1.1517801 1.1352748 1.1367511 1.1411172 1.3168398 1.3369882 1.3659805 1.2815477 1.2534506 1.2362249 1.1198388 1.0917914 1.0215085 1.0295913 1.0808938 1.1727145 1.2230671 1.1823278 1.1887569 1.1916688 1.1102148 1.2772475 1.4168854 1.4933748 1.3548661 1.0672677 1.5049704 
GCA_030611045 0.9742391 0.9352994 0.9796117 0.9827404 0.9777546 0.9507475 0.9834462 0.9518697 0.9844179 1.0184439 0.9712002 0.9645726 0.9659289 0.9683867 0.9527855 0.9509838 0.8856837 0.8847243 0.9058041 0.8905034 0.8868363 0.9681210 0.9553633 1.3445865 1.3280579 0.3915055 0.0000000 1.4438736 1.2676832 1.3253660 1.3000240 1.2959377 1.3525064 0.9294759 0.9269294 1.1062816 1.0954120 1.1309197 1.1114551 0.9180861 1.2271068 1.2747552 1.4173865 0.9019534 0.8578970 0.8429615 1.1879879 1.1846118 1.1802502 1.1785730 1.1845578 1.3197351 1.3432279 1.3868692 1.2907664 1.2636362 1.2256732 1.1401492 1.1249910 1.0351577 1.0441012 1.0941359 1.1923885 1.2216628 1.2070747 1.2098962 1.2029651 1.1380648 1.3274552 1.4408995 1.5528371 1.3918292 1.1046325 1.5780040 
GCA_016874675 1.3168588 1.2786539 1.3340556 1.3103910 1.2794808 1.3304400 1.3399613 1.3440624 1.3338248 1.3715163 1.3324587 1.3296009 1.3269529 1.3247883 1.3188835 1.3005849 1.3282336 1.3084956 1.3154483 1.3156402 1.3027203 1.3153775 1.3396121 0.9995642 1.0428091 1.3806502 1.4438736 0.0000000 0.8507422 0.9319075 0.9911283 1.0427350 1.0418980 1.3020284 1.2775636 1.3394272 1.3278739 1.3549632 1.3420915 1.3743734 1.4905632 1.1605294 1.0473250 1.2733082 1.2504814 1.2544888 1.4485243 1.4471213 1.4400485 1.4413318 1.4260788 1.5836360 1.6167846 1.6188167 1.5471933 1.5466313 1.5755700 1.5202193 1.5148007 1.3971136 1.4197589 1.4263326 1.4227128 1.4622410 1.4161129 1.4560140 1.4341932 1.3840766 0.9996168 1.3195143 1.2952117 1.0013550 1.3101294 1.6080155 
GCA_020356005 1.2032304 1.1773927 1.2098909 1.2063215 1.2022937 1.1981994 1.2010264 1.1909922 1.1761951 1.2450865 1.1731834 1.1645686 1.1670537 1.1705447 1.1854405 1.1851909 1.1880395 1.2351430 1.1788646 1.1853865 1.1742578 1.2105155 1.1972626 0.9113649 0.9327184 1.2082359 1.2676832 0.8507422 0.0000000 0.7631375 0.8425494 0.9058420 0.9196805 1.1501677 1.1164960 1.2212439 1.2121807 1.2457934 1.2311503 1.2256687 1.3215376 0.9858682 0.8876673 1.1370423 1.1241410 1.1134169 1.2479790 1.2690715 1.2677804 1.2619797 1.2690401 1.4866312 1.5248560 1.5315730 1.4353976 1.4343540 1.4173343 1.3607480 1.3403472 1.2560013 1.2690293 1.3048559 1.3109707 1.3364133 1.3298976 1.3142879 1.3142408 1.2678732 0.8745035 1.1690999 1.1538085 0.9290845 1.3788101 1.4314867 
GCA_028279585 1.2328955 1.2154421 1.2384483 1.2466625 1.2439234 1.2266281 1.2500747 1.2335848 1.2563037 1.3511635 1.2560767 1.2507313 1.2262268 1.2380460 1.2758011 1.2782169 1.2239316 1.2818456 1.2531395 1.2532248 1.2380576 1.2757607 1.2664185 0.9917803 1.0561622 1.2858193 1.3253660 0.9319075 0.7631375 0.0000000 0.8758501 0.9790398 1.0184190 1.2106160 1.1859638 1.2970996 1.2680865 1.2830086 1.2748476 1.2720869 1.3505981 1.0703763 0.9591799 1.1953736 1.1811521 1.1787545 1.3262505 1.3286570 1.3173898 1.3224941 1.3167480 1.4930907 1.5034171 1.5283244 1.4497559 1.4138931 1.4393599 1.4140912 1.3890099 1.3440124 1.3549546 1.3607335 1.3788009 1.4141609 1.3984713 1.3789791 1.4231236 1.3523476 1.0011943 1.2663634 1.1706507 0.9528953 1.3992079 1.4908672 
GCA_029932465 1.2342230 1.1981834 1.2362248 1.2561330 1.2555191 1.2374924 1.2562427 1.2568034 1.2532662 1.2917083 1.2583964 1.2486235 1.2309299 1.2493372 1.2359793 1.2263561 1.2157212 1.2853139 1.2489241 1.2455043 1.2287216 1.2054415 1.1963579 1.0304449 1.0589791 1.2706579 1.3000240 0.9911283 0.8425494 0.8758501 0.0000000 0.9145167 1.0352495 1.1321964 1.1261380 1.1918589 1.1940179 1.2241737 1.1955013 1.2582207 1.3359213 1.0539793 0.9989434 1.1938439 1.2077790 1.1966218 1.3259779 1.3216493 1.3226115 1.3155326 1.3104749 1.4998106 1.5258848 1.5422432 1.4824098 1.4679395 1.4565521 1.3950493 1.3766104 1.3009603 1.3162003 1.3742086 1.3649538 1.4075026 1.3634769 1.3787177 1.3786657 1.3226576 1.0101583 1.1946814 1.1898469 0.9787938 1.3838468 1.3913341 
GCA_000025665 1.2161751 1.1825347 1.2062705 1.2190987 1.2155093 1.2106180 1.2415570 1.2451236 1.2301536 1.2647953 1.2293625 1.2192385 1.2086237 1.2166220 1.2094596 1.1991238 1.1953399 1.2637594 1.2313908 1.2366781 1.2051717 1.2319244 1.1582096 1.0653749 1.0325161 1.2366541 1.2959377 1.0427350 0.9058420 0.9790398 0.9145167 0.0000000 1.0204823 1.1248864 1.1164534 1.1455856 1.1324887 1.1858515 1.1692575 1.2547318 1.3872130 1.0089984 1.0635386 1.1673744 1.1694262 1.1581839 1.2764384 1.2806670 1.2741354 1.2655315 1.2676000 1.4887793 1.5022931 1.5462997 1.4394362 1.4089552 1.4368792 1.3406009 1.3380586 1.2596180 1.2758069 1.3485305 1.3241499 1.3711651 1.3342685 1.3469185 1.3332418 1.2789970 0.9792165 1.2098860 1.2555728 1.0141597 1.3580530 1.2990898 
GCA_030630685 1.3009419 1.2723867 1.2793799 1.2971658 1.3042069 1.2954627 1.3255048 1.3268974 1.3491709 1.3735914 1.3439491 1.3383108 1.3213883 1.3396545 1.2906070 1.2875837 1.2828735 1.3463818 1.3058979 1.3146684 1.3010485 1.3110835 1.3154115 1.0628261 1.0720007 1.3507353 1.3525064 1.0418980 0.9196805 1.0184190 1.0352495 1.0204823 0.0000000 1.2901850 1.2703898 1.3342002 1.3378601 1.3531785 1.3417152 1.3143016 1.4317204 1.1194291 1.0854579 1.2163634 1.2605210 1.2415573 1.3977638 1.3677201 1.3554994 1.3625608 1.3632389 1.5687714 1.5952706 1.6522109 1.5478742 1.5286094 1.5214256 1.4601158 1.4617987 1.3651665 1.3872311 1.5067564 1.4081815 1.4778791 1.4560030 1.4239944 1.4639158 1.3688182 1.0091738 1.3021999 1.2508458 1.0575394 1.5646391 1.4962611 
GCA_002011165 0.8583577 0.8248039 0.8544932 0.8619081 0.8658044 0.8431241 0.8800879 0.8647580 0.8675706 0.8797067 0.8665649 0.8532267 0.8480904 0.8526889 0.8190715 0.8166978 0.8595750 0.8851761 0.8231535 0.8231579 0.8095030 0.8489231 0.8046711 1.2199205 1.2013532 0.8928001 0.9294759 1.3020284 1.1501677 1.2106160 1.1321964 1.1248864 1.2901850 0.0000000 0.1710834 0.8712622 0.8404459 0.8991649 0.8780810 0.8831081 1.1105951 1.1720184 1.3062884 0.7757266 0.7705185 0.7568249 1.0665783 1.0567856 1.0637389 1.0610499 1.0563787 1.2264162 1.2432683 1.2847263 1.2000755 1.1671938 1.1601883 1.0209718 1.0087212 0.9101889 0.9231116 0.9633627 1.0604042 1.1144645 1.0758856 1.0830706 1.0914895 1.0231875 1.1814516 1.3065888 1.4479774 1.2649804 1.0401004 1.3708881 
GCA_014361165 0.8611869 0.8213678 0.8558622 0.8564372 0.8537258 0.8441317 0.8800487 0.8546123 0.8729250 0.8877810 0.8704863 0.8633690 0.8557111 0.8559631 0.8083850 0.8044342 0.8543017 0.8873863 0.8308926 0.8258777 0.8126556 0.8385064 0.8010142 1.1971468 1.1912070 0.8887583 0.9269294 1.2775636 1.1164960 1.1859638 1.1261380 1.1164534 1.2703898 0.1710834 0.0000000 0.8455873 0.8165455 0.8767378 0.8561909 0.8742941 1.1018165 1.1282382 1.2742896 0.7933391 0.7771803 0.7635435 1.0717450 1.0573900 1.0651124 1.0627215 1.0658891 1.2088685 1.2266927 1.2694694 1.1775192 1.1544148 1.1524927 1.0178247 1.0076634 0.9085225 0.9147108 0.9619928 1.0525502 1.0986243 1.0659438 1.0691503 1.0886327 1.0191389 1.1690642 1.3012096 1.4107309 1.2438711 1.0210360 1.3451473 
GCA_000025285 1.0409186 0.9972648 1.0268148 1.0313146 1.0421721 1.0208116 1.0494531 1.0448633 1.0498871 1.0893017 1.0455230 1.0306875 1.0190267 1.0367143 0.9776577 0.9750830 1.0403793 1.0736416 1.0170636 1.0207247 0.9978937 0.9796883 0.9340401 1.2957266 1.2578424 1.0679397 1.1062816 1.3394272 1.2212439 1.2970996 1.1918589 1.1455856 1.3342002 0.8712622 0.8455873 0.0000000 0.3505013 0.4297472 0.3941909 1.0403116 1.2164036 1.1978091 1.3557227 0.9938047 0.9625095 0.9389651 1.2062427 1.1975594 1.1804424 1.1775373 1.1940399 1.3702646 1.3727655 1.4112886 1.3007952 1.2778960 1.2820652 1.1164630 1.0981966 1.0396197 1.0542398 1.0859119 1.1633852 1.2252178 1.1775855 1.2064004 1.1967245 1.1391413 1.2425341 1.3516141 1.5468301 1.2970119 1.2160106 1.3409795 
GCA_000025505 1.0250108 0.9797697 1.0115819 1.0137842 1.0199813 1.0006790 1.0213629 1.0047252 1.0335781 1.0689725 1.0284296 1.0183123 1.0056046 1.0189654 0.9879481 0.9836660 1.0160122 1.0547685 1.0053129 1.0026353 0.9869407 0.9807665 0.9298873 1.2851183 1.2577064 1.0462691 1.0954120 1.3278739 1.2121807 1.2680865 1.1940179 1.1324887 1.3378601 0.8404459 0.8165455 0.3505013 0.0000000 0.3294549 0.2876795 1.0413589 1.2053563 1.1595971 1.3688161 0.9646593 0.9513990 0.9349240 1.1878553 1.1641482 1.1647331 1.1686201 1.1730406 1.3521452 1.3748876 1.3912254 1.2918775 1.2487204 1.2594901 1.1143047 1.0997160 1.0436698 1.0467108 1.0895637 1.1533571 1.2041466 1.1641007 1.1843138 1.1878571 1.1198529 1.2110930 1.3515882 1.4995573 1.2877958 1.1785043 1.3177855 
GCA_000789255 1.0397782 1.0031324 1.0315412 1.0359900 1.0390023 1.0292230 1.0429348 1.0417073 1.0474452 1.0971697 1.0440062 1.0312913 1.0166502 1.0399372 0.9983354 0.9934787 1.0493228 1.0870596 1.0347922 1.0299970 1.0194839 1.0037260 0.9634871 1.2968051 1.2845171 1.0950377 1.1309197 1.3549632 1.2457934 1.2830086 1.2241737 1.1858515 1.3531785 0.8991649 0.8767378 0.4297472 0.3294549 0.0000000 0.1665869 1.0584926 1.2428151 1.2233768 1.3847784 1.0005866 0.9950684 0.9806365 1.2349233 1.2169097 1.2014758 1.2082416 1.1979529 1.3675391 1.3895181 1.4151571 1.3171194 1.2749593 1.2850524 1.1620682 1.1280721 1.0778304 1.0892233 1.1255313 1.1731791 1.2018034 1.1843578 1.1886601 1.2017300 1.1330365 1.2748542 1.3747842 1.5226411 1.3150828 1.2002753 1.3806024 
GCA_001006045 1.0317118 0.9959024 1.0148369 1.0210742 1.0241966 1.0098078 1.0310715 1.0303350 1.0405147 1.0782931 1.0326416 1.0235748 1.0123075 1.0294778 0.9900651 0.9859311 1.0384775 1.0834987 1.0162119 1.0125688 0.9983705 0.9860828 0.9399593 1.2931812 1.2534259 1.0773324 1.1114551 1.3420915 1.2311503 1.2748476 1.1955013 1.1692575 1.3417152 0.8780810 0.8561909 0.3941909 0.2876795 0.1665869 0.0000000 1.0303966 1.2212155 1.2110111 1.3565326 0.9811153 0.9821894 0.9649560 1.2124076 1.2092342 1.1802689 1.1881801 1.1817305 1.3454602 1.3644868 1.4037949 1.3016751 1.2617479 1.2666697 1.1344431 1.1111432 1.0615062 1.0712508 1.1103813 1.1560932 1.1834987 1.1696719 1.1795551 1.1857108 1.1257091 1.2565650 1.3542547 1.5404987 1.3004045 1.2004757 1.3721044 
GCA_001766815 0.8883199 0.8636454 0.8881915 0.8798989 0.8935587 0.8711762 0.8858598 0.8667754 0.9173269 0.9394204 0.9005258 0.8954195 0.8725648 0.8987099 0.8703289 0.8637658 0.8107006 0.8194164 0.8367228 0.8288961 0.8197189 0.8967132 0.8846192 1.2966942 1.2731016 0.8982530 0.9180861 1.3743734 1.2256687 1.2720869 1.2582207 1.2547318 1.3143016 0.8831081 0.8742941 1.0403116 1.0413589 1.0584926 1.0303966 0.0000000 1.1543481 1.2703633 1.3714668 0.8394852 0.8089707 0.7889761 1.1486627 1.1533690 1.1312769 1.1272672 1.1357834 1.2348530 1.2728939 1.3061342 1.2111716 1.2076051 1.2009644 1.1182568 1.1009798 0.9925940 1.0011823 1.0426604 1.1004620 1.1422510 1.1128807 1.0958876 1.1214728 1.0512041 1.2942534 1.4087164 1.5096738 1.3061723 1.0703899 1.5503039 
GCA_018263395 1.1073300 1.0798863 1.1129504 1.1082510 1.1512767 1.1048250 1.1214431 1.1136095 1.1215919 1.1342137 1.1134320 1.1026481 1.1274100 1.1094120 1.0675201 1.0639496 1.1287509 1.1210697 1.1032929 1.0974278 1.0797413 1.1141508 1.1401403 1.3476704 1.3811771 1.2193702 1.2271068 1.4905632 1.3215376 1.3505981 1.3359213 1.3872130 1.4317204 1.1105951 1.1018165 1.2164036 1.2053563 1.2428151 1.2212155 1.1543481 0.0000000 1.4052797 1.4535612 1.0233549 1.0595938 1.0587981 0.9669716 0.9530179 0.9664627 0.9650402 0.9564063 1.2029621 1.2271482 1.2402450 1.1513306 1.1344927 1.1550793 1.3649140 1.3358406 1.2377280 1.2778017 1.3348709 1.2909768 1.3108521 1.3119635 1.2946018 1.3594095 1.2409191 1.3917424 1.4978162 1.5548872 1.4038225 1.2248514 1.6373710 
GCA_014361245 1.2553465 1.2235177 1.2560049 1.2523376 1.2514177 1.2435905 1.2708766 1.2575228 1.2742191 1.3250427 1.2637049 1.2582677 1.2471324 1.2599619 1.2567014 1.2478500 1.2610726 1.2666059 1.2404314 1.2434424 1.2242054 1.2330099 1.2144923 1.1001641 1.0462452 1.2317560 1.2747552 1.1605294 0.9858682 1.0703763 1.0539793 1.0089984 1.1194291 1.1720184 1.1282382 1.1978091 1.1595971 1.2233768 1.2110111 1.2703633 1.4052797 0.0000000 1.1526879 1.1857421 1.2114746 1.1906475 1.2969852 1.3067124 1.2874442 1.2743527 1.2887536 1.5374425 1.5638384 1.5950135 1.4773903 1.4566544 1.4471014 1.3407352 1.3429952 1.2630269 1.2802827 1.3238617 1.3937731 1.4347530 1.3911268 1.3972075 1.3786560 1.3361924 1.0163805 1.2212629 1.3429789 1.1217263 1.3682929 1.3636048 
GCA_030740765 1.3411114 1.3173049 1.3435645 1.3549500 1.3358582 1.3555646 1.3427147 1.3339223 1.3544294 1.4366391 1.3491164 1.3483145 1.3330983 1.3418754 1.3211705 1.3197652 1.3426106 1.3847890 1.3325853 1.3379240 1.3182626 1.3475397 1.3483087 1.0866490 1.1561873 1.3927854 1.4173865 1.0473250 0.8876673 0.9591799 0.9989434 1.0635386 1.0854579 1.3062884 1.2742896 1.3557227 1.3688161 1.3847784 1.3565326 1.3714668 1.4535612 1.1526879 0.0000000 1.2662355 1.2864426 1.2870251 1.3970682 1.4189339 1.4143314 1.4028666 1.4168652 1.5884769 1.5945520 1.6536377 1.5964817 1.5645757 1.5511851 1.4650930 1.4696242 1.3973729 1.4285398 1.4339640 1.4826648 1.5251998 1.5148247 1.4893200 1.5002174 1.4260377 1.0904857 1.3188444 1.2702401 1.0849510 1.5106563 1.6095444 
GCA_021129915 0.7309853 0.7166013 0.7214887 0.7260872 0.7362215 0.7002395 0.7499246 0.7205723 0.7220291 0.7430404 0.7155484 0.7094729 0.7240765 0.7149114 0.7536103 0.7502902 0.7474396 0.6902135 0.4916232 0.4847349 0.4783187 0.8088571 0.8211406 1.1656519 1.1905636 0.8715754 0.9019534 1.2733082 1.1370423 1.1953736 1.1938439 1.1673744 1.2163634 0.7757266 0.7933391 0.9938047 0.9646593 1.0005866 0.9811153 0.8394852 1.0233549 1.1857421 1.2662355 0.0000000 0.4323331 0.4216235 0.9906163 0.9853303 0.9927594 0.9864829 0.9840636 1.1243405 1.1505138 1.1861415 1.0858787 1.0871835 1.0647737 1.0128050 0.9939843 0.8968665 0.9005314 0.9493322 0.9824877 1.0250466 0.9925857 1.0035862 1.0088870 0.9429148 1.1477267 1.3214157 1.4379084 1.2327940 0.9791763 1.5048842 
GCA_026016205 0.7103967 0.6860964 0.6995630 0.6872149 0.7044504 0.6841683 0.7409864 0.6952757 0.7177543 0.7427845 0.7116558 0.7060524 0.7158862 0.7087247 0.7328938 0.7293697 0.7264750 0.6887575 0.4819442 0.4794785 0.4721044 0.8037761 0.7902782 1.1791372 1.1876288 0.8436655 0.8578970 1.2504814 1.1241410 1.1811521 1.2077790 1.1694262 1.2605210 0.7705185 0.7771803 0.9625095 0.9513990 0.9950684 0.9821894 0.8089707 1.0595938 1.2114746 1.2864426 0.4323331 0.0000000 0.1609029 1.0086713 1.0011388 1.0149534 1.0025766 1.0050072 1.1344981 1.1606328 1.1930738 1.1098525 1.0848861 1.0894177 0.9936936 0.9779933 0.8679455 0.8786534 0.9187379 0.9842362 1.0350660 0.9969659 1.0060279 1.0048576 0.9502744 1.1490982 1.3197728 1.4492882 1.2466005 0.9789415 1.4843016 
GCA_030018435 0.6964565 0.6705521 0.6874314 0.6812250 0.6847534 0.6693442 0.7343982 0.6839698 0.7051223 0.7249880 0.6959243 0.6888757 0.7019042 0.6917255 0.7124149 0.7095393 0.7126305 0.6797248 0.4565106 0.4584446 0.4451203 0.7821320 0.7718774 1.1682278 1.1801242 0.8218155 0.8429615 1.2544888 1.1134169 1.1787545 1.1966218 1.1581839 1.2415573 0.7568249 0.7635435 0.9389651 0.9349240 0.9806365 0.9649560 0.7889761 1.0587981 1.1906475 1.2870251 0.4216235 0.1609029 0.0000000 0.9873313 0.9850236 1.0004502 0.9967731 0.9950160 1.1223271 1.1515142 1.1813044 1.0907398 1.0676403 1.0787823 0.9707492 0.9694367 0.8495669 0.8613777 0.9028133 0.9800970 1.0409912 0.9909521 1.0063823 0.9939347 0.9398430 1.1394828 1.3069287 1.4468868 1.2434006 0.9474977 1.4747056 
GCA_001914405 1.0896335 1.0638457 1.0670364 1.0922011 1.0886364 1.0550481 1.0929754 1.0652149 1.0793486 1.1045786 1.0816768 1.0730404 1.0526376 1.0671381 1.0991056 1.0944496 1.0821865 1.0745886 1.0231433 1.0288510 1.0186081 1.1320148 1.1034910 1.3202088 1.3204952 1.1502117 1.1879879 1.4485243 1.2479790 1.3262505 1.3259779 1.2764384 1.3977638 1.0665783 1.0717450 1.2062427 1.1878553 1.2349233 1.2124076 1.1486627 0.9669716 1.2969852 1.3970682 0.9906163 1.0086713 0.9873313 0.0000000 0.4760493 0.5544826 0.5517817 0.5611949 1.2093641 1.2351597 1.2580981 1.1589793 1.1384131 1.1462969 1.2862274 1.2678643 1.1703055 1.1836850 1.2276101 1.2751617 1.3214156 1.2947695 1.2570449 1.3061536 1.2337156 1.3209097 1.4185040 1.5676060 1.3587229 1.3144286 1.5864076 
GCA_003034855 1.0903923 1.0637817 1.0720535 1.0845741 1.0979598 1.0684214 1.0775954 1.0698940 1.0627516 1.0902521 1.0580641 1.0502766 1.0481641 1.0529311 1.0920884 1.0904729 1.0830627 1.0591691 1.0167355 1.0180498 1.0092528 1.1323154 1.1104138 1.3231297 1.3260945 1.1517801 1.1846118 1.4471213 1.2690715 1.3286570 1.3216493 1.2806670 1.3677201 1.0567856 1.0573900 1.1975594 1.1641482 1.2169097 1.2092342 1.1533690 0.9530179 1.3067124 1.4189339 0.9853303 1.0011388 0.9850236 0.4760493 0.0000000 0.5580083 0.5581042 0.5553975 1.2051284 1.2339788 1.2653138 1.1579562 1.1350266 1.1383954 1.2631025 1.2370042 1.1639051 1.1774179 1.2305416 1.2823377 1.2985345 1.2914968 1.2506018 1.2984728 1.2334973 1.3268310 1.4018614 1.5640144 1.3640614 1.2966702 1.6078003 
GCA_002153915 1.0845705 1.0668591 1.0852896 1.0918415 1.0957005 1.0616357 1.0817121 1.0616972 1.0760998 1.1105313 1.0725512 1.0624694 1.0519960 1.0591869 1.0983714 1.0928883 1.0963978 1.1014515 1.0364793 1.0381667 1.0263344 1.1152916 1.1021032 1.3251151 1.3083442 1.1352748 1.1802502 1.4400485 1.2677804 1.3173898 1.3226115 1.2741354 1.3554994 1.0637389 1.0651124 1.1804424 1.1647331 1.2014758 1.1802689 1.1312769 0.9664627 1.2874442 1.4143314 0.9927594 1.0149534 1.0004502 0.5544826 0.5580083 0.0000000 0.1178085 0.1610036 1.2284950 1.2438094 1.2686759 1.1662011 1.1464510 1.1498508 1.2838075 1.2554189 1.1685324 1.1854559 1.2178280 1.2709144 1.3180192 1.2822824 1.2578412 1.3144235 1.2347435 1.2996870 1.4202936 1.5712580 1.3567149 1.3069686 1.5621863 
GCA_029854155 1.0783803 1.0604635 1.0769816 1.0873295 1.0877451 1.0610655 1.0877665 1.0566184 1.0782232 1.1112057 1.0703125 1.0612702 1.0538078 1.0561558 1.0883986 1.0862784 1.1061537 1.0969189 1.0324406 1.0341794 1.0239032 1.1206396 1.0978014 1.3135393 1.3065229 1.1367511 1.1785730 1.4413318 1.2619797 1.3224941 1.3155326 1.2655315 1.3625608 1.0610499 1.0627215 1.1775373 1.1686201 1.2082416 1.1881801 1.1272672 0.9650402 1.2743527 1.4028666 0.9864829 1.0025766 0.9967731 0.5517817 0.5581042 0.1178085 0.0000000 0.1620404 1.2283619 1.2496902 1.2666262 1.1648324 1.1379393 1.1483752 1.2820626 1.2566972 1.1694257 1.1867759 1.2211390 1.2629170 1.3112053 1.2747999 1.2442391 1.3018157 1.2237183 1.3152600 1.4116224 1.5583934 1.3504405 1.3066739 1.5682262 
GCA_023016325 1.0887848 1.0709024 1.0883697 1.0902882 1.0974750 1.0741762 1.0834372 1.0644419 1.0760696 1.1134112 1.0713867 1.0604662 1.0461919 1.0548213 1.0955976 1.0884184 1.0928086 1.1038166 1.0304703 1.0302678 1.0227990 1.1082005 1.1054375 1.3228238 1.3167238 1.1411172 1.1845578 1.4260788 1.2690401 1.3167480 1.3104749 1.2676000 1.3632389 1.0563787 1.0658891 1.1940399 1.1730406 1.1979529 1.1817305 1.1357834 0.9564063 1.2887536 1.4168652 0.9840636 1.0050072 0.9950160 0.5611949 0.5553975 0.1610036 0.1620404 0.0000000 1.2195614 1.2458654 1.2572128 1.1627238 1.1397599 1.1522341 1.2864821 1.2552523 1.1769744 1.1906952 1.2286693 1.2744218 1.3126839 1.2788525 1.2630027 1.3131253 1.2323311 1.3139240 1.4059761 1.5577131 1.3472466 1.2968894 1.5657687 
GCA_000230955 1.1700013 1.1474277 1.1621384 1.1683190 1.1686066 1.1536168 1.1402100 1.1487389 1.1497159 1.1982751 1.1456836 1.1403470 1.1431215 1.1385352 1.1673596 1.1585991 1.1720804 1.2181500 1.1596389 1.1754454 1.1459867 1.1724789 1.2119265 1.4447009 1.5011501 1.3168398 1.3197351 1.5836360 1.4866312 1.4930907 1.4998106 1.4887793 1.5687714 1.2264162 1.2088685 1.3702646 1.3521452 1.3675391 1.3454602 1.2348530 1.2029621 1.5374425 1.5884769 1.1243405 1.1344981 1.1223271 1.2093641 1.2051284 1.2284950 1.2283619 1.2195614 0.0000000 0.3896331 0.4522430 0.7243393 0.7076149 0.7093064 1.4557921 1.4359157 1.3291045 1.3467546 1.3699482 1.2886091 1.3404051 1.3320717 1.2982658 1.3331693 1.2313141 1.5586312 1.6308809 1.6071764 1.5400566 1.3874879 1.8140219 
