74
GCA_000011005 0.0000000 0.0524364 0.0849253 0.0859953 0.0871351 0.0874974 0.1794972 0.1612638 0.1845048 0.1992225 0.1771445 0.1780005 0.1869043 0.1861669 0.1700606 0.1701283 0.1767072 0.1801104 0.1674618 0.1639079 0.1601361 0.1686514 0.1716856 0.1993892 0.2118238 0.1834651 0.1825124 0.2504756 0.2070891 0.2400725 0.1897634 0.2036345 0.2150724 0.1662391 0.1627412 0.1893913 0.1795973 0.1671765 0.1704351 0.1579945 0.2054105 0.2054113 0.2275444 0.1701331 0.1648324 0.1536852 0.1978480 0.2104575 0.1856442 0.1857765 0.1905679 0.2078717 0.2185371 0.2315953 0.2104685 0.2021384 0.1972334 0.1844561 0.1908080 0.1962587 0.1929758 0.1892311 0.1761243 0.1906467 0.1999393 0.2050024 0.2021549 0.1762281 0.2336784 0.2241860 0.2152936 0.2034799 0.1957429 0.2324277 
GCA_000251105 0.0524364 0.0000000 0.0821190 0.0807143 0.0809663 0.0782178 0.1701549 0.1587568 0.1679241 0.1890874 0.1620051 0.1610772 0.1659316 0.1688283 0.1495307 0.1532892 0.1624457 0.1710876 0.1580964 0.1581555 0.1518152 0.1527141 0.1534100 0.1876028 0.1986146 0.1730386 0.1777717 0.2354305 0.2004135 0.2233545 0.1751501 0.1948102 0.1980976 0.1437805 0.1391177 0.1647785 0.1504975 0.1465651 0.1439969 0.1489085 0.1925866 0.1857409 0.2149711 0.1600784 0.1508234 0.1359457 0.1796692 0.1840337 0.1708373 0.1725750 0.1723487 0.2014299 0.2099652 0.2083744 0.1962683 0.1888572 0.1920066 0.1698472 0.1804416 0.1818197 0.1816029 0.1798416 0.1596486 0.1774516 0.1894623 0.1965477 0.1901989 0.1661923 0.2184127 0.2140575 0.2132412 0.1988166 0.1773036 0.2143565 
GCA_000063445 0.0849253 0.0821190 0.0000000 0.0679553 0.0619385 0.0793825 0.1597294 0.1497198 0.1711849 0.1925334 0.1709697 0.1687313 0.1692295 0.1698833 0.1576259 0.1610106 0.1700173 0.1753110 0.1692206 0.1600501 0.1567288 0.1566888 0.1627525 0.1892351 0.1889932 0.1818851 0.1897106 0.2461741 0.2023262 0.2370309 0.1854482 0.1852138 0.1998022 0.1576412 0.1548341 0.1711962 0.1637725 0.1631755 0.1560480 0.1534274 0.2005810 0.1942131 0.2112976 0.1574927 0.1625091 0.1471802 0.1793809 0.1897048 0.1731311 0.1749134 0.1814140 0.2115416 0.2243596 0.2249253 0.2063248 0.1945688 0.1968045 0.1793850 0.1829498 0.1854666 0.1858361 0.1920706 0.1628165 0.1729691 0.1971257 0.1946520 0.2025936 0.1663626 0.2238977 0.2076462 0.2182404 0.2146771 0.2014286 0.2265236 
GCA_002067315 0.0859953 0.0807143 0.0679553 0.0000000 0.0408764 0.0811721 0.1752984 0.1639074 0.1763757 0.1975782 0.1715672 0.1702985 0.1740672 0.1777298 0.1682780 0.1685566 0.1705733 0.1808271 0.1646595 0.1644996 0.1547360 0.1683829 0.1750475 0.2065339 0.2000085 0.1911767 0.1948183 0.2519657 0.2133210 0.2486504 0.1971448 0.2005840 0.2163932 0.1685863 0.1560316 0.1745293 0.1733901 0.1704328 0.1678218 0.1592997 0.2065539 0.2038604 0.2365869 0.1693302 0.1665848 0.1488643 0.1951775 0.2003118 0.1909716 0.1947896 0.1969405 0.2111683 0.2265386 0.2278375 0.2154090 0.2006526 0.2103135 0.1853630 0.1899363 0.1951612 0.1988296 0.1908950 0.1743058 0.1929039 0.2054330 0.2060519 0.2075756 0.1871232 0.2344994 0.2236295 0.2387842 0.2165438 0.2100371 0.2294796 
GCA_023436075 0.0871351 0.0809663 0.0619385 0.0408764 0.0000000 0.0799502 0.1793295 0.1675807 0.1838146 0.2086869 0.1788909 0.1752406 0.1703568 0.1816512 0.1709816 0.1730090 0.1606426 0.1805873 0.1711360 0.1682573 0.1600740 0.1659458 0.1730904 0.2045908 0.2173907 0.1858421 0.1929487 0.2574311 0.2157823 0.2537879 0.2054452 0.1966790 0.2156704 0.1668175 0.1554939 0.1766371 0.1752769 0.1732341 0.1628755 0.1590930 0.2083072 0.2083182 0.2316842 0.1648644 0.1654268 0.1460543 0.1914731 0.1935115 0.1915044 0.1892276 0.1961882 0.2220910 0.2360284 0.2407269 0.2156856 0.1993862 0.2088430 0.1860457 0.1966226 0.1920063 0.1953840 0.1889247 0.1728756 0.1894210 0.2135633 0.2057898 0.2060880 0.1823630 0.2300333 0.2296620 0.2445148 0.2141714 0.1903812 0.2470523 
GCA_021023085 0.0874974 0.0782178 0.0793825 0.0811721 0.0799502 0.0000000 0.1695627 0.1626622 0.1790792 0.2048993 0.1714690 0.1750794 0.1735248 0.1786003 0.1629538 0.1671708 0.1759171 0.1762343 0.1710751 0.1683398 0.1622701 0.1735105 0.1767059 0.1948068 0.2049977 0.1923667 0.1899735 0.2495853 0.2017781 0.2327332 0.1891455 0.1967536 0.2147134 0.1588623 0.1517687 0.1821278 0.1736093 0.1621826 0.1674400 0.1605799 0.2126983 0.1964343 0.2332493 0.1529617 0.1618221 0.1454877 0.1766440 0.1922345 0.1875191 0.1845462 0.1895772 0.2103815 0.2186366 0.2292876 0.2089876 0.1980999 0.2129163 0.1866335 0.1940072 0.1955370 0.1934615 0.1929273 0.1644055 0.1824374 0.1949164 0.1981235 0.2038176 0.1808653 0.2337823 0.2202895 0.2249555 0.2018278 0.2063655 0.2317257 
GCA_000025865 0.1794972 0.1701549 0.1597294 0.1752984 0.1793295 0.1695627 0.0000000 0.1104317 0.1829562 0.1968744 0.1879922 0.1853718 0.1794973 0.1863882 0.1683482 0.1668844 0.1716318 0.1844495 0.1847557 0.1902176 0.1786037 0.1664217 0.1754468 0.1985036 0.2221604 0.1933181 0.2000909 0.2547201 0.2169791 0.2259283 0.1963439 0.2072185 0.2045110 0.1688647 0.1585252 0.1893801 0.1772689 0.1819713 0.1795497 0.1597247 0.2243320 0.2114953 0.2478750 0.1653967 0.1674502 0.1512940 0.1895993 0.1920103 0.1860689 0.1931323 0.1895511 0.2165035 0.2213344 0.2230295 0.2077105 0.2056228 0.2003522 0.1981226 0.2106807 0.2005799 0.1904032 0.2088715 0.1824107 0.1947686 0.2146145 0.2079673 0.2134387 0.1857434 0.2432269 0.2300113 0.2310565 0.2198095 0.1967071 0.2419676 
GCA_000217995 0.1612638 0.1587568 0.1497198 0.1639074 0.1675807 0.1626622 0.1104317 0.0000000 0.1775833 0.2001188 0.1746650 0.1799718 0.1759404 0.1852200 0.1609158 0.1588070 0.1657075 0.1732445 0.1754870 0.1726420 0.1710860 0.1581433 0.1638589 0.2086742 0.2226180 0.1880864 0.1959627 0.2479790 0.2234556 0.2337948 0.2049425 0.1971332 0.2125634 0.1629723 0.1578553 0.1835530 0.1752559 0.1644429 0.1701727 0.1510451 0.2111252 0.2045776 0.2477669 0.1690879 0.1570980 0.1454138 0.1913583 0.1973329 0.1883797 0.1816967 0.1887426 0.2049930 0.2151432 0.2086515 0.2018914 0.1971059 0.2120077 0.1820561 0.1898200 0.1900098 0.1858482 0.2056331 0.1782627 0.1888555 0.2141022 0.2034315 0.2010726 0.1885505 0.2470605 0.2275028 0.2283563 0.2208197 0.1882458 0.2241285 
GCA_003139855 0.1845048 0.1679241 0.1711849 0.1763757 0.1838146 0.1790792 0.1829562 0.1775833 0.0000000 0.0136889 0.0376782 0.0310760 0.0638596 0.0563910 0.1809223 0.1841533 0.1836956 0.1824228 0.1855743 0.1913734 0.1843475 0.1790114 0.1897252 0.2201222 0.2267501 0.2054831 0.2204402 0.2654883 0.2120743 0.2420186 0.2108056 0.2106908 0.2208217 0.1725200 0.1705990 0.2024168 0.2000442 0.2028101 0.1920816 0.1825256 0.2106899 0.2102822 0.2358899 0.1738848 0.1685223 0.1599478 0.2035901 0.1985407 0.2012950 0.1961817 0.2027574 0.2258042 0.2388038 0.2393197 0.2204480 0.2213465 0.2248460 0.1903423 0.2095541 0.2075630 0.2102417 0.2190004 0.1938852 0.2012695 0.2126110 0.2088981 0.2250352 0.1982918 0.2305166 0.2405027 0.2444823 0.2288521 0.1941395 0.2358185 
GCA_003158275 0.1992225 0.1890874 0.1925334 0.1975782 0.2086869 0.2048993 0.1968744 0.2001188 0.0136889 0.0000000 0.0472556 0.0433129 0.0733240 0.0712926 0.1907373 0.2009101 0.2018330 0.2203976 0.2040144 0.2112910 0.2051755 0.2020654 0.2130606 0.2461721 0.2651075 0.2371008 0.2457924 0.3037281 0.2411014 0.2631777 0.2333779 0.2308745 0.2438844 0.1962031 0.1928296 0.2117482 0.2040255 0.2171541 0.1971013 0.1975147 0.2327827 0.2374194 0.2600930 0.1854975 0.1851896 0.1740024 0.2202626 0.2093873 0.2236308 0.2119523 0.2171115 0.2431717 0.2638604 0.2659242 0.2429470 0.2345892 0.2369525 0.1968842 0.2252538 0.2335637 0.2301404 0.2406932 0.2086190 0.2251294 0.2259672 0.2309922 0.2416802 0.2084329 0.2661641 0.2606430 0.2602336 0.2336351 0.2230411 0.2545146 
GCA_003162175 0.1771445 0.1620051 0.1709697 0.1715672 0.1788909 0.1714690 0.1879922 0.1746650 0.0376782 0.0472556 0.0000000 0.0202726 0.0649443 0.0570990 0.1743219 0.1818095 0.1819459 0.1886209 0.1741491 0.1776566 0.1724561 0.1791348 0.1941827 0.2164722 0.2182094 0.1996759 0.2218309 0.2611325 0.2129029 0.2403843 0.2066751 0.2139322 0.2272138 0.1794422 0.1700244 0.1966457 0.1950068 0.2015762 0.1885563 0.1729789 0.2188379 0.2090227 0.2369826 0.1696956 0.1640632 0.1572364 0.2075480 0.1950282 0.1997490 0.1954293 0.2005066 0.2234900 0.2371975 0.2456557 0.2217270 0.2211828 0.2184101 0.1875609 0.2076638 0.2053770 0.2086194 0.2122959 0.1884011 0.1953776 0.2094659 0.2074520 0.2130006 0.1943769 0.2322942 0.2370455 0.2388836 0.2304751 0.1930848 0.2253891 
GCA_015661395 0.1780005 0.1610772 0.1687313 0.1702985 0.1752406 0.1750794 0.1853718 0.1799718 0.0310760 0.0433129 0.0202726 0.0000000 0.0632786 0.0530718 0.1733178 0.1793167 0.1785636 0.1878099 0.1785559 0.1808867 0.1750068 0.1778390 0.1923882 0.2182979 0.2182379 0.2078029 0.2248839 0.2670171 0.2091535 0.2337486 0.2088720 0.2089222 0.2222782 0.1783382 0.1699794 0.1997135 0.1950224 0.1999683 0.1883706 0.1737104 0.2068507 0.2115880 0.2377495 0.1671237 0.1626840 0.1576815 0.2077156 0.1955403 0.1977955 0.1926646 0.1969180 0.2251533 0.2380630 0.2422902 0.2210275 0.2199650 0.2183447 0.1888620 0.2084275 0.2099867 0.2135439 0.2166766 0.1889419 0.1996328 0.2071314 0.2069997 0.2121096 0.1942673 0.2385524 0.2376916 0.2394006 0.2277703 0.1910367 0.2363967 
GCA_003170935 0.1869043 0.1659316 0.1692295 0.1740672 0.1703568 0.1735248 0.1794973 0.1759404 0.0638596 0.0733240 0.0649443 0.0632786 0.0000000 0.0517574 0.1759125 0.1812743 0.1725187 0.1885126 0.1690178 0.1749629 0.1651273 0.1728827 0.1880295 0.2149092 0.2171656 0.1901614 0.2105107 0.2624748 0.2209463 0.2383069 0.2059190 0.2001959 0.2139579 0.1611272 0.1653340 0.1900343 0.1863103 0.1850634 0.1793307 0.1744763 0.2081889 0.2045302 0.2367194 0.1615570 0.1605175 0.1536985 0.1939891 0.1934034 0.1949548 0.1980495 0.1938787 0.2256391 0.2308936 0.2321918 0.2056155 0.2038714 0.2102738 0.1945117 0.2172996 0.1993348 0.1921617 0.2016170 0.1882592 0.1991304 0.2050232 0.1906121 0.2007110 0.1826267 0.2249924 0.2277970 0.2504696 0.2224489 0.1947998 0.2371586 
GCA_015660915 0.1861669 0.1688283 0.1698833 0.1777298 0.1816512 0.1786003 0.1863882 0.1852200 0.0563910 0.0712926 0.0570990 0.0530718 0.0517574 0.0000000 0.1809076 0.1838203 0.1813570 0.1975991 0.1815477 0.1847901 0.1772985 0.1784220 0.1899321 0.2208006 0.2241625 0.2087789 0.2265008 0.2701503 0.2100076 0.2463962 0.2082999 0.2108719 0.2177264 0.1725597 0.1707717 0.1969589 0.1948873 0.1964520 0.1930022 0.1774334 0.2015351 0.2099099 0.2387920 0.1663233 0.1681401 0.1619015 0.1903225 0.1908758 0.1878701 0.1945868 0.1888891 0.2156306 0.2259219 0.2360684 0.2142285 0.2085614 0.2129134 0.1881474 0.2026121 0.1930563 0.1931356 0.2017364 0.1933471 0.1965104 0.2098137 0.2014238 0.2155873 0.1900748 0.2361884 0.2275450 0.2517843 0.2279069 0.1979898 0.2388655 
GCA_000014945 0.1700606 0.1495307 0.1576259 0.1682780 0.1709816 0.1629538 0.1683482 0.1609158 0.1809223 0.1907373 0.1743219 0.1733178 0.1759125 0.1809076 0.0000000 0.0232972 0.1840631 0.1883369 0.1801549 0.1771033 0.1760416 0.1430804 0.1644247 0.1974397 0.2036095 0.1915429 0.1980631 0.2432162 0.2161128 0.2416742 0.1988208 0.1908797 0.2187961 0.1580729 0.1461306 0.1725793 0.1572710 0.1598351 0.1564027 0.1576137 0.2008950 0.2015058 0.2268491 0.1726103 0.1678164 0.1493205 0.1965080 0.1958970 0.1988041 0.1873062 0.1911950 0.2171477 0.2149635 0.2139035 0.2148603 0.2137570 0.2176267 0.1891460 0.1997188 0.2010258 0.1992104 0.2013920 0.1847114 0.1941986 0.2013349 0.2105084 0.2142562 0.1863297 0.2233267 0.2198481 0.2375750 0.2074385 0.1796726 0.2227045 
GCA_029907715 0.1701283 0.1532892 0.1610106 0.1685566 0.1730090 0.1671708 0.1668844 0.1588070 0.1841533 0.2009101 0.1818095 0.1793167 0.1812743 0.1838203 0.0232972 0.0000000 0.1860735 0.1811241 0.1765939 0.1766967 0.1754327 0.1460943 0.1595492 0.1985005 0.2044584 0.1947079 0.1970945 0.2382620 0.2136589 0.2412599 0.1999563 0.1898717 0.2133261 0.1596377 0.1478107 0.1756605 0.1589528 0.1576818 0.1555388 0.1564369 0.1954052 0.1999091 0.2299933 0.1675989 0.1719061 0.1489760 0.1981296 0.1896276 0.1943771 0.1817860 0.1804874 0.2169415 0.2165733 0.2151060 0.2111110 0.2087192 0.2162863 0.1829495 0.1905459 0.2001470 0.1987383 0.2008248 0.1857430 0.1946683 0.2032281 0.2086046 0.2109706 0.1909276 0.2200325 0.2241657 0.2377455 0.2083213 0.1810673 0.2116212 
GCA_030605385 0.1767072 0.1624457 0.1700173 0.1705733 0.1606426 0.1759171 0.1716318 0.1657075 0.1836956 0.2018330 0.1819459 0.1785636 0.1725187 0.1813570 0.1840631 0.1860735 0.0000000 0.1812903 0.1835925 0.1875081 0.1756198 0.1739209 0.1810591 0.2082566 0.2255745 0.1698042 0.2053460 0.2750811 0.2212290 0.2509144 0.2095444 0.2000114 0.2101826 0.1695075 0.1666019 0.1809234 0.1794768 0.1802299 0.1787799 0.1490339 0.1971700 0.2145348 0.2471712 0.1704602 0.1638708 0.1561104 0.2133646 0.1966589 0.1916630 0.1924220 0.1953516 0.2189237 0.2317095 0.2291926 0.2220502 0.2127558 0.2187168 0.1868336 0.2090325 0.1968575 0.1877034 0.1903836 0.1756886 0.1994153 0.2066057 0.1968353 0.2176433 0.1782657 0.2392256 0.2186077 0.2537408 0.2278902 0.2006668 0.2389514 
GCA_030643285 0.1801104 0.1710876 0.1753110 0.1808271 0.1805873 0.1762343 0.1844495 0.1732445 0.1824228 0.2203976 0.1886209 0.1878099 0.1885126 0.1975991 0.1883369 0.1811241 0.1812903 0.0000000 0.1817581 0.1775431 0.1811441 0.1878845 0.1834627 0.2267043 0.2187398 0.1941709 0.2194108 0.2460059 0.2392070 0.2510225 0.2214574 0.2286741 0.2243852 0.1942916 0.1949690 0.2031896 0.1980342 0.2013458 0.2060271 0.1663521 0.2122654 0.2243609 0.2604949 0.1829053 0.1600162 0.1613506 0.2102187 0.2082195 0.2162483 0.2091551 0.2148178 0.2344206 0.2526115 0.2483961 0.2252715 0.2056489 0.2134525 0.2258019 0.2179308 0.2076446 0.2140677 0.2147645 0.2019594 0.2053318 0.2187463 0.2206662 0.2173556 0.1958332 0.2463443 0.2373623 0.2481048 0.2364461 0.2289612 0.2512853 
GCA_002495885 0.1674618 0.1580964 0.1692206 0.1646595 0.1711360 0.1710751 0.1847557 0.1754870 0.1855743 0.2040144 0.1741491 0.1785559 0.1690178 0.1815477 0.1801549 0.1765939 0.1835925 0.1817581 0.0000000 0.0337057 0.0382846 0.1656355 0.1758930 0.2177676 0.2142904 0.1866182 0.1930171 0.2559468 0.2028442 0.2418675 0.1970879 0.2111615 0.2106637 0.1718642 0.1648980 0.1796903 0.1815418 0.1746631 0.1730613 0.1623409 0.1980168 0.2098391 0.2365877 0.1427502 0.1406582 0.1261958 0.2054114 0.1974355 0.2026485 0.2070079 0.1967584 0.2152331 0.2349983 0.2325005 0.2036560 0.2091245 0.2085510 0.1995637 0.2074338 0.1958935 0.2026626 0.2161927 0.1916251 0.2077411 0.2181710 0.2132672 0.2229270 0.1896602 0.2337652 0.2140189 0.2367627 0.2241642 0.1926115 0.2357804 
GCA_028715545 0.1639079 0.1581555 0.1600501 0.1644996 0.1682573 0.1683398 0.1902176 0.1726420 0.1913734 0.2112910 0.1776566 0.1808867 0.1749629 0.1847901 0.1771033 0.1766967 0.1875081 0.1775431 0.0337057 0.0000000 0.0398626 0.1661902 0.1719298 0.2170962 0.2109957 0.1896066 0.1950901 0.2481524 0.2043016 0.2407889 0.1963566 0.2031023 0.2128557 0.1708005 0.1626771 0.1843527 0.1783954 0.1727012 0.1734881 0.1560575 0.2011744 0.2076538 0.2449089 0.1431493 0.1485323 0.1296935 0.2102141 0.1984154 0.1975799 0.2062466 0.1958155 0.2249540 0.2344022 0.2391628 0.2062233 0.2077952 0.2022945 0.1991506 0.2072236 0.1961961 0.2037873 0.2129748 0.1856979 0.1969432 0.2129787 0.2037225 0.2221938 0.1893414 0.2277472 0.2101598 0.2357087 0.2187602 0.1950848 0.2163701 
GCA_028715985 0.1601361 0.1518152 0.1567288 0.1547360 0.1600740 0.1622701 0.1786037 0.1710860 0.1843475 0.2051755 0.1724561 0.1750068 0.1651273 0.1772985 0.1760416 0.1754327 0.1756198 0.1811441 0.0382846 0.0398626 0.0000000 0.1644481 0.1726085 0.2130849 0.2091572 0.1819737 0.1911818 0.2539787 0.2179491 0.2373779 0.1932523 0.2069182 0.2157117 0.1699351 0.1627417 0.1859467 0.1883040 0.1804627 0.1775756 0.1579113 0.2000663 0.2068632 0.2467813 0.1347744 0.1354532 0.1199696 0.2105981 0.1949865 0.1945697 0.2056746 0.1943161 0.2224594 0.2296498 0.2371589 0.2047958 0.2108142 0.2065045 0.2037144 0.2199494 0.1969769 0.2012211 0.2057025 0.1832579 0.2045017 0.2131262 0.2061591 0.2163552 0.1884954 0.2347684 0.2157593 0.2405431 0.2219608 0.2015967 0.2335291 
GCA_000711905 0.1686514 0.1527141 0.1566888 0.1683829 0.1659458 0.1735105 0.1664217 0.1581433 0.1790114 0.2020654 0.1791348 0.1778390 0.1728827 0.1784220 0.1430804 0.1460943 0.1739209 0.1878845 0.1656355 0.1661902 0.1644481 0.0000000 0.1240382 0.2024668 0.1889050 0.1741304 0.1978240 0.2412684 0.2092249 0.2383866 0.1822249 0.1762505 0.2150605 0.1481106 0.1439161 0.1660998 0.1615283 0.1557251 0.1535919 0.1472646 0.1843231 0.1940720 0.2370740 0.1575004 0.1611381 0.1482081 0.1988426 0.2009418 0.1844881 0.1836139 0.1830080 0.2083395 0.2140541 0.2157426 0.2054519 0.2000866 0.2020168 0.1737392 0.1908595 0.1931026 0.1913927 0.2056305 0.1693142 0.1810960 0.1904560 0.2021240 0.2010598 0.1647711 0.2215713 0.2075160 0.2266888 0.2076996 0.1930330 0.2083238 
GCA_002010075 0.1716856 0.1534100 0.1627525 0.1750475 0.1730904 0.1767059 0.1754468 0.1638589 0.1897252 0.2130606 0.1941827 0.1923882 0.1880295 0.1899321 0.1644247 0.1595492 0.1810591 0.1834627 0.1758930 0.1719298 0.1726085 0.1240382 0.0000000 0.2008094 0.2007693 0.1829133 0.2053517 0.2481007 0.1976881 0.2326520 0.1865326 0.1869023 0.1980492 0.1637885 0.1536999 0.1532475 0.1531350 0.1511198 0.1519468 0.1571935 0.1839955 0.1917720 0.2416274 0.1611418 0.1667303 0.1519012 0.1993863 0.2028597 0.1788816 0.1768022 0.1785971 0.2147452 0.2254060 0.2314399 0.2142920 0.2030670 0.2190252 0.1700522 0.1830427 0.1978938 0.1914571 0.2037443 0.1782821 0.1840473 0.2118167 0.2045242 0.2042147 0.1765230 0.2162399 0.2082304 0.2235013 0.2125058 0.1989567 0.2348902 
GCA_016207515 0.1993892 0.1876028 0.1892351 0.2065339 0.2045908 0.1948068 0.1985036 0.2086742 0.2201222 0.2461721 0.2164722 0.2182979 0.2149092 0.2208006 0.1974397 0.1985005 0.2082566 0.2267043 0.2177676 0.2170962 0.2130849 0.2024668 0.2008094 0.0000000 0.1917279 0.2263135 0.2364077 0.2180794 0.1915220 0.2030424 0.1872409 0.1736713 0.1920013 0.1912074 0.1781357 0.2141077 0.1966882 0.1960602 0.1960287 0.1804760 0.2212987 0.1915041 0.2208280 0.2032054 0.2048613 0.1867181 0.2106450 0.2112221 0.2138354 0.2052547 0.2102076 0.2225300 0.2382503 0.2399966 0.2214936 0.2069074 0.2223171 0.2108634 0.2148255 0.2164109 0.2132477 0.2284655 0.1985599 0.2061412 0.2293599 0.2214441 0.2312234 0.2005299 0.2114551 0.2163648 0.2128145 0.2033704 0.2112458 0.2320904 
GCA_028716125 0.2118238 0.1986146 0.1889932 0.2000085 0.2173907 0.2049977 0.2221604 0.2226180 0.2267501 0.2651075 0.2182094 0.2182379 0.2171656 0.2241625 0.2036095 0.2044584 0.2255745 0.2187398 0.2142904 0.2109957 0.2091572 0.1889050 0.2007693 0.1917279 0.0000000 0.2178437 0.2218986 0.2293872 0.2067089 0.2464505 0.1746348 0.1807214 0.1939802 0.1970254 0.1832329 0.2121087 0.2029515 0.2090943 0.1987285 0.1991483 0.2147368 0.1978198 0.2250545 0.2005652 0.2016795 0.1906453 0.2309303 0.2330567 0.2136397 0.2138542 0.2168526 0.2445516 0.2584712 0.2542513 0.2372370 0.2363862 0.2285775 0.2123444 0.2345610 0.2376382 0.2291583 0.2372243 0.2184066 0.2353296 0.2481030 0.2412439 0.2512552 0.2306962 0.1974267 0.2174550 0.2167103 0.2198989 0.2202349 0.2220097 
GCA_021159465 0.1834651 0.1730386 0.1818851 0.1911767 0.1858421 0.1923667 0.1933181 0.1880864 0.2054831 0.2371008 0.1996759 0.2078029 0.1901614 0.2087789 0.1915429 0.1947079 0.1698042 0.1941709 0.1866182 0.1896066 0.1819737 0.1741304 0.1829133 0.2263135 0.2178437 0.0000000 0.1235977 0.2499494 0.2140701 0.2511809 0.1978027 0.2085210 0.2176507 0.1683619 0.1603339 0.1779043 0.1824940 0.1687007 0.1723446 0.1743296 0.2160616 0.2052851 0.2542708 0.1891277 0.1796180 0.1684016 0.2238412 0.2134462 0.2046027 0.2074775 0.2111311 0.2282434 0.2394513 0.2439823 0.2299427 0.2217282 0.2147166 0.1934551 0.2157790 0.2160852 0.2072508 0.2220543 0.1890178 0.2033507 0.2114198 0.2283768 0.2372998 0.1947861 0.2207057 0.2369016 0.2343476 0.2278159 0.2151104 0.2308198 
GCA_030611045 0.1825124 0.1777717 0.1897106 0.1948183 0.1929487 0.1899735 0.2000909 0.1959627 0.2204402 0.2457924 0.2218309 0.2248839 0.2105107 0.2265008 0.1980631 0.1970945 0.2053460 0.2194108 0.1930171 0.1950901 0.1911818 0.1978240 0.2053517 0.2364077 0.2218986 0.1235977 0.0000000 0.2826949 0.2352822 0.2653297 0.2129188 0.2210776 0.2470128 0.1756643 0.1796838 0.2034340 0.2033378 0.1966284 0.1992748 0.1786552 0.2416608 0.2151534 0.2574222 0.1964087 0.1809918 0.1706713 0.2338551 0.2234723 0.2133197 0.2129811 0.2169637 0.2316348 0.2556025 0.2557984 0.2270573 0.2257469 0.2171236 0.2174077 0.2215349 0.2111991 0.2076390 0.2045088 0.2119882 0.2164918 0.2409385 0.2434482 0.2389180 0.2124416 0.2429051 0.2302028 0.2468484 0.2303692 0.2341333 0.2389498 
GCA_016874675 0.2504756 0.2354305 0.2461741 0.2519657 0.2574311 0.2495853 0.2547201 0.2479790 0.2654883 0.3037281 0.2611325 0.2670171 0.2624748 0.2701503 0.2432162 0.2382620 0.2750811 0.2460059 0.2559468 0.2481524 0.2539787 0.2412684 0.2481007 0.2180794 0.2293872 0.2499494 0.2826949 0.0000000 0.1817564 0.2382753 0.1947123 0.1990509 0.2079381 0.2395915 0.2282656 0.2448265 0.2444292 0.2348954 0.2362430 0.2305144 0.2640394 0.2203681 0.2328971 0.2337295 0.2511280 0.2367772 0.2822585 0.2635701 0.2572461 0.2660455 0.2586395 0.2651725 0.2932378 0.2937076 0.2820352 0.2673030 0.2849044 0.2508264 0.2694184 0.2448616 0.2547397 0.2510956 0.2483815 0.2380221 0.2675626 0.2793244 0.2798842 0.2427185 0.2056016 0.2500552 0.2520335 0.2134342 0.2494772 0.2441481 
GCA_020356005 0.2070891 0.2004135 0.2023262 0.2133210 0.2157823 0.2017781 0.2169791 0.2234556 0.2120743 0.2411014 0.2129029 0.2091535 0.2209463 0.2100076 0.2161128 0.2136589 0.2212290 0.2392070 0.2028442 0.2043016 0.2179491 0.2092249 0.1976881 0.1915220 0.2067089 0.2140701 0.2352822 0.1817564 0.0000000 0.1771059 0.1648303 0.1711266 0.1879904 0.1980580 0.1873000 0.2030566 0.1987326 0.1958837 0.1917510 0.1876296 0.2362597 0.1800850 0.1934244 0.2096931 0.2101315 0.1966290 0.2257717 0.2186902 0.2143808 0.2172515 0.2204679 0.2341021 0.2685625 0.2611463 0.2412516 0.2297386 0.2332344 0.2166666 0.2438368 0.2182658 0.2266026 0.2404189 0.2171579 0.2158619 0.2467791 0.2334966 0.2567832 0.2099453 0.1829094 0.2312090 0.2215600 0.1801596 0.2342932 0.2255703 
GCA_028279585 0.2400725 0.2233545 0.2370309 0.2486504 0.2537879 0.2327332 0.2259283 0.2337948 0.2420186 0.2631777 0.2403843 0.2337486 0.2383069 0.2463962 0.2416742 0.2412599 0.2509144 0.2510225 0.2418675 0.2407889 0.2373779 0.2383866 0.2326520 0.2030424 0.2464505 0.2511809 0.2653297 0.2382753 0.1771059 0.0000000 0.1798846 0.2044956 0.2011641 0.2315007 0.2244458 0.2279922 0.2244435 0.2233851 0.2140424 0.2216228 0.2536347 0.2137719 0.2213299 0.2291274 0.2313670 0.2155693 0.2548313 0.2481579 0.2308059 0.2362741 0.2355114 0.2486713 0.2811049 0.2661220 0.2553782 0.2438154 0.2427319 0.2437845 0.2574214 0.2647930 0.2595914 0.2653548 0.2540622 0.2670412 0.2721020 0.2678340 0.2863803 0.2399460 0.2344741 0.2519364 0.2494327 0.1992902 0.2381221 0.2768814 
GCA_029932465 0.1897634 0.1751501 0.1854482 0.1971448 0.2054452 0.1891455 0.1963439 0.2049425 0.2108056 0.2333779 0.2066751 0.2088720 0.2059190 0.2082999 0.1988208 0.1999563 0.2095444 0.2214574 0.1970879 0.1963566 0.1932523 0.1822249 0.1865326 0.1872409 0.1746348 0.1978027 0.2129188 0.1947123 0.1648303 0.1798846 0.0000000 0.1579963 0.1724917 0.1732965 0.1632431 0.1770493 0.1759788 0.1672816 0.1685775 0.1722917 0.2190206 0.1693222 0.1966274 0.1847455 0.1974285 0.1731607 0.2201543 0.2152283 0.2157302 0.2097022 0.2020550 0.2178093 0.2326443 0.2341610 0.2241653 0.2132617 0.2253924 0.1917973 0.2125251 0.1987348 0.1961786 0.2087304 0.2073931 0.2156818 0.2239354 0.2378354 0.2398700 0.2026941 0.1953572 0.2073048 0.2055802 0.1841035 0.2084421 0.2090614 
GCA_000025665 0.2036345 0.1948102 0.1852138 0.2005840 0.1966790 0.1967536 0.2072185 0.1971332 0.2106908 0.2308745 0.2139322 0.2089222 0.2001959 0.2108719 0.1908797 0.1898717 0.2000114 0.2286741 0.2111615 0.2031023 0.2069182 0.1762505 0.1869023 0.1736713 0.1807214 0.2085210 0.2210776 0.1990509 0.1711266 0.2044956 0.1579963 0.0000000 0.1804026 0.1758928 0.1632966 0.1792127 0.1672570 0.1677919 0.1725511 0.1677962 0.2241371 0.1682772 0.2061217 0.1869424 0.2058629 0.1747485 0.2207639 0.2086779 0.2103910 0.2061914 0.2072068 0.2337489 0.2351356 0.2438450 0.2277579 0.2213010 0.2293511 0.1873618 0.2043658 0.2122612 0.2091183 0.2276678 0.1922814 0.2097442 0.2241358 0.2266467 0.2362630 0.2011037 0.1901702 0.2059225 0.2067305 0.1808739 0.2017705 0.2016961 
GCA_030630685 0.2150724 0.1980976 0.1998022 0.2163932 0.2156704 0.2147134 0.2045110 0.2125634 0.2208217 0.2438844 0.2272138 0.2222782 0.2139579 0.2177264 0.2187961 0.2133261 0.2101826 0.2243852 0.2106637 0.2128557 0.2157117 0.2150605 0.1980492 0.1920013 0.1939802 0.2176507 0.2470128 0.2079381 0.1879904 0.2011641 0.1724917 0.1804026 0.0000000 0.2014485 0.1948096 0.2041697 0.1933458 0.1898388 0.1893196 0.1902967 0.2221802 0.2005673 0.2108999 0.2228068 0.2098216 0.1899112 0.2327564 0.2127233 0.2315103 0.2211665 0.2205270 0.2378643 0.2458540 0.2416400 0.2276691 0.2204686 0.2217827 0.2101341 0.2274924 0.2112414 0.2263785 0.2256733 0.2158204 0.2398148 0.2345693 0.2291178 0.2397353 0.1984911 0.2135277 0.2356208 0.2197089 0.2067965 0.2277011 0.2492761 
GCA_002011165 0.1662391 0.1437805 0.1576412 0.1685863 0.1668175 0.1588623 0.1688647 0.1629723 0.1725200 0.1962031 0.1794422 0.1783382 0.1611272 0.1725597 0.1580729 0.1596377 0.1695075 0.1942916 0.1718642 0.1708005 0.1699351 0.1481106 0.1637885 0.1912074 0.1970254 0.1683619 0.1756643 0.2395915 0.1980580 0.2315007 0.1732965 0.1758928 0.2014485 0.0000000 0.0463418 0.1520799 0.1446180 0.1469915 0.1411348 0.1492523 0.1985317 0.1777511 0.2296338 0.1595020 0.1646992 0.1431829 0.1963805 0.1892962 0.1812585 0.1777781 0.1773837 0.1973756 0.2076601 0.2156450 0.1992231 0.1898273 0.2022427 0.1706732 0.1816086 0.1718905 0.1777571 0.1867883 0.1715570 0.1853791 0.1962228 0.2082406 0.2083254 0.1709828 0.2062798 0.2007273 0.2252396 0.2037954 0.2066913 0.1968065 
GCA_014361165 0.1627412 0.1391177 0.1548341 0.1560316 0.1554939 0.1517687 0.1585252 0.1578553 0.1705990 0.1928296 0.1700244 0.1699794 0.1653340 0.1707717 0.1461306 0.1478107 0.1666019 0.1949690 0.1648980 0.1626771 0.1627417 0.1439161 0.1536999 0.1781357 0.1832329 0.1603339 0.1796838 0.2282656 0.1873000 0.2244458 0.1632431 0.1632966 0.1948096 0.0463418 0.0000000 0.1384052 0.1323796 0.1353060 0.1295007 0.1433265 0.1972761 0.1662616 0.2288354 0.1516114 0.1557166 0.1356063 0.1789829 0.1736407 0.1733083 0.1664816 0.1695598 0.1985962 0.2133663 0.2138707 0.1945438 0.1909423 0.1903932 0.1557401 0.1742931 0.1611818 0.1701499 0.1810941 0.1650410 0.1783837 0.1930905 0.2007682 0.2044887 0.1665959 0.2010650 0.1950524 0.2193767 0.1986549 0.1919265 0.1816786 
GCA_000025285 0.1893913 0.1647785 0.1711962 0.1745293 0.1766371 0.1821278 0.1893801 0.1835530 0.2024168 0.2117482 0.1966457 0.1997135 0.1900343 0.1969589 0.1725793 0.1756605 0.1809234 0.2031896 0.1796903 0.1843527 0.1859467 0.1660998 0.1532475 0.2141077 0.2121087 0.1779043 0.2034340 0.2448265 0.2030566 0.2279922 0.1770493 0.1792127 0.2041697 0.1520799 0.1384052 0.0000000 0.0760851 0.0955700 0.0830602 0.1635205 0.2025087 0.1814132 0.2299145 0.1779322 0.1852761 0.1614591 0.2066614 0.1961224 0.1923205 0.1902292 0.1910720 0.2168014 0.2325492 0.2333785 0.2029830 0.2000034 0.2108481 0.1734027 0.1945995 0.1988480 0.1954306 0.2016219 0.1785184 0.2047902 0.2043378 0.2187976 0.2145369 0.1747229 0.2115834 0.1960682 0.2254284 0.2092448 0.2158913 0.1971778 
GCA_000025505 0.1795973 0.1504975 0.1637725 0.1733901 0.1752769 0.1736093 0.1772689 0.1752559 0.2000442 0.2040255 0.1950068 0.1950224 0.1863103 0.1948873 0.1572710 0.1589528 0.1794768 0.1980342 0.1815418 0.1783954 0.1883040 0.1615283 0.1531350 0.1966882 0.2029515 0.1824940 0.2033378 0.2444292 0.1987326 0.2244435 0.1759788 0.1672570 0.1933458 0.1446180 0.1323796 0.0760851 0.0000000 0.0759190 0.0627092 0.1625593 0.1943223 0.1756654 0.2229554 0.1666172 0.1702364 0.1515718 0.1938017 0.1922429 0.1947232 0.1914811 0.1880955 0.2105052 0.2186571 0.2220304 0.1996088 0.2035694 0.2084795 0.1703291 0.1869813 0.1996896 0.1953085 0.2061576 0.1740477 0.1961374 0.1981265 0.2096976 0.2118626 0.1729589 0.2068144 0.1999126 0.2179951 0.1882758 0.1962910 0.1977933 
GCA_000789255 0.1671765 0.1465651 0.1631755 0.1704328 0.1732341 0.1621826 0.1819713 0.1644429 0.2028101 0.2171541 0.2015762 0.1999683 0.1850634 0.1964520 0.1598351 0.1576818 0.1802299 0.2013458 0.1746631 0.1727012 0.1804627 0.1557251 0.1511198 0.1960602 0.2090943 0.1687007 0.1966284 0.2348954 0.1958837 0.2233851 0.1672816 0.1677919 0.1898388 0.1469915 0.1353060 0.0955700 0.0759190 0.0000000 0.0452748 0.1606042 0.1993894 0.1692104 0.2307997 0.1713958 0.1655595 0.1505031 0.1953160 0.1902126 0.1939630 0.1924616 0.1944423 0.1996275 0.2140704 0.2255867 0.1998102 0.1966029 0.2039160 0.1689793 0.1905435 0.1929078 0.1946864 0.1997743 0.1729437 0.1937575 0.2006339 0.2049656 0.2119435 0.1712889 0.2055028 0.2006420 0.2171597 0.1901847 0.2051496 0.1943616 
GCA_001006045 0.1704351 0.1439969 0.1560480 0.1678218 0.1628755 0.1674400 0.1795497 0.1701727 0.1920816 0.1971013 0.1885563 0.1883706 0.1793307 0.1930022 0.1564027 0.1555388 0.1787799 0.2060271 0.1730613 0.1734881 0.1775756 0.1535919 0.1519468 0.1960287 0.1987285 0.1723446 0.1992748 0.2362430 0.1917510 0.2140424 0.1685775 0.1725511 0.1893196 0.1411348 0.1295007 0.0830602 0.0627092 0.0452748 0.0000000 0.1537343 0.1960907 0.1755315 0.2212097 0.1666388 0.1677164 0.1478373 0.1931000 0.1853105 0.1921607 0.1941689 0.1861680 0.2006314 0.2139008 0.2222048 0.1988821 0.1975069 0.1962503 0.1688596 0.1864548 0.1933454 0.1906998 0.1913976 0.1761257 0.1916204 0.2010049 0.2005118 0.2042299 0.1658048 0.2116500 0.1974176 0.2189373 0.1946070 0.1894311 0.1993486 
GCA_001766815 0.1579945 0.1489085 0.1534274 0.1592997 0.1590930 0.1605799 0.1597247 0.1510451 0.1825256 0.1975147 0.1729789 0.1737104 0.1744763 0.1774334 0.1576137 0.1564369 0.1490339 0.1663521 0.1623409 0.1560575 0.1579113 0.1472646 0.1571935 0.1804760 0.1991483 0.1743296 0.1786552 0.2305144 0.1876296 0.2216228 0.1722917 0.1677962 0.1902967 0.1492523 0.1433265 0.1635205 0.1625593 0.1606042 0.1537343 0.0000000 0.2057742 0.1831130 0.2159883 0.1508091 0.1535271 0.1345980 0.1840491 0.1807407 0.1804785 0.1754271 0.1730703 0.1984585 0.2059528 0.2091084 0.1871616 0.1815643 0.1875237 0.1890583 0.1905836 0.1877651 0.1765116 0.1898776 0.1708275 0.1898442 0.2064240 0.1912844 0.2037024 0.1711691 0.2131442 0.1949113 0.2088465 0.2000767 0.1837556 0.2007871 
GCA_018263395 0.2054105 0.1925866 0.2005810 0.2065539 0.2083072 0.2126983 0.2243320 0.2111252 0.2106899 0.2327827 0.2188379 0.2068507 0.2081889 0.2015351 0.2008950 0.1954052 0.1971700 0.2122654 0.1980168 0.2011744 0.2000663 0.1843231 0.1839955 0.2212987 0.2147368 0.2160616 0.2416608 0.2640394 0.2362597 0.2536347 0.2190206 0.2241371 0.2221802 0.1985317 0.1972761 0.2025087 0.1943223 0.1993894 0.1960907 0.2057742 0.0000000 0.2202006 0.2734492 0.1858273 0.1998123 0.1926982 0.1805722 0.1997954 0.1756558 0.1728749 0.1855705 0.2379211 0.2352971 0.2388487 0.1981515 0.2003528 0.2122425 0.2319540 0.2384090 0.2120348 0.1973496 0.2140213 0.2123788 0.2193177 0.2368225 0.2412367 0.2456619 0.1927207 0.2507597 0.2188145 0.2307058 0.2395570 0.1995989 0.2476133 
GCA_014361245 0.2054113 0.1857409 0.1942131 0.2038604 0.2083182 0.1964343 0.2114953 0.2045776 0.2102822 0.2374194 0.2090227 0.2115880 0.2045302 0.2099099 0.2015058 0.1999091 0.2145348 0.2243609 0.2098391 0.2076538 0.2068632 0.1940720 0.1917720 0.1915041 0.1978198 0.2052851 0.2151534 0.2203681 0.1800850 0.2137719 0.1693222 0.1682772 0.2005673 0.1777511 0.1662616 0.1814132 0.1756654 0.1692104 0.1755315 0.1831130 0.2202006 0.0000000 0.2077133 0.1960404 0.2040856 0.1805616 0.2109818 0.2113679 0.2020311 0.2018056 0.2030613 0.2402749 0.2473012 0.2447687 0.2386349 0.2345332 0.2404426 0.1886937 0.2075249 0.1877394 0.1973657 0.2018651 0.2076989 0.2133598 0.2344589 0.2365429 0.2404462 0.2060375 0.1878373 0.1953411 0.2214637 0.1999384 0.2263032 0.1938412 
GCA_030740765 0.2275444 0.2149711 0.2112976 0.2365869 0.2316842 0.2332493 0.2478750 0.2477669 0.2358899 0.2600930 0.2369826 0.2377495 0.2367194 0.2387920 0.2268491 0.2299933 0.2471712 0.2604949 0.2365877 0.2449089 0.2467813 0.2370740 0.2416274 0.2208280 0.2250545 0.2542708 0.2574222 0.2328971 0.1934244 0.2213299 0.1966274 0.2061217 0.2108999 0.2296338 0.2288354 0.2299145 0.2229554 0.2307997 0.2212097 0.2159883 0.2734492 0.2077133 0.0000000 0.2418267 0.2423589 0.2235306 0.2513216 0.2410461 0.2247353 0.2251979 0.2312520 0.2515478 0.2682181 0.2718879 0.2710760 0.2543735 0.2629972 0.2300144 0.2580172 0.2423299 0.2408478 0.2487087 0.2502208 0.2549530 0.2813881 0.2669436 0.2979624 0.2403245 0.2377778 0.2521750 0.2472939 0.2361389 0.2660919 0.2724515 
GCA_021129915 0.1701331 0.1600784 0.1574927 0.1693302 0.1648644 0.1529617 0.1653967 0.1690879 0.1738848 0.1854975 0.1696956 0.1671237 0.1615570 0.1663233 0.1726103 0.1675989 0.1704602 0.1829053 0.1427502 0.1431493 0.1347744 0.1575004 0.1611418 0.2032054 0.2005652 0.1891277 0.1964087 0.2337295 0.2096931 0.2291274 0.1847455 0.1869424 0.2228068 0.1595020 0.1516114 0.1779322 0.1666172 0.1713958 0.1666388 0.1508091 0.1858273 0.1960404 0.2418267 0.0000000 0.1233344 0.1130785 0.1806087 0.1877116 0.1709768 0.1672930 0.1686224 0.2143016 0.2145702 0.2266875 0.1939909 0.1969031 0.2004126 0.1836731 0.2017215 0.1743332 0.1746516 0.1748237 0.1669869 0.1945208 0.1988030 0.1976323 0.1994728 0.1702504 0.2080777 0.2194743 0.2366590 0.1977139 0.1826471 0.2322854 
GCA_026016205 0.1648324 0.1508234 0.1625091 0.1665848 0.1654268 0.1618221 0.1674502 0.1570980 0.1685223 0.1851896 0.1640632 0.1626840 0.1605175 0.1681401 0.1678164 0.1719061 0.1638708 0.1600162 0.1406582 0.1485323 0.1354532 0.1611381 0.1667303 0.2048613 0.2016795 0.1796180 0.1809918 0.2511280 0.2101315 0.2313670 0.1974285 0.2058629 0.2098216 0.1646992 0.1557166 0.1852761 0.1702364 0.1655595 0.1677164 0.1535271 0.1998123 0.2040856 0.2423589 0.1233344 0.0000000 0.0709792 0.1915761 0.1981199 0.1868536 0.1838591 0.1819495 0.2134582 0.2220372 0.2160409 0.2021591 0.2127893 0.2108685 0.1929590 0.2094053 0.1963031 0.1919611 0.1895108 0.1715684 0.1864059 0.1888725 0.2031458 0.2098358 0.1733424 0.2271023 0.2258352 0.2413927 0.2122856 0.2007177 0.2294307 
GCA_030018435 0.1536852 0.1359457 0.1471802 0.1488643 0.1460543 0.1454877 0.1512940 0.1454138 0.1599478 0.1740024 0.1572364 0.1576815 0.1536985 0.1619015 0.1493205 0.1489760 0.1561104 0.1613506 0.1261958 0.1296935 0.1199696 0.1482081 0.1519012 0.1867181 0.1906453 0.1684016 0.1706713 0.2367772 0.1966290 0.2155693 0.1731607 0.1747485 0.1899112 0.1431829 0.1356063 0.1614591 0.1515718 0.1505031 0.1478373 0.1345980 0.1926982 0.1805616 0.2235306 0.1130785 0.0709792 0.0000000 0.1873094 0.1829329 0.1724676 0.1745921 0.1719365 0.1968650 0.2044209 0.1967828 0.1852339 0.1897151 0.1951088 0.1686066 0.1827538 0.1792477 0.1806627 0.1899779 0.1593228 0.1785809 0.1890968 0.1911223 0.1951735 0.1632787 0.2056222 0.2080069 0.2242770 0.1932887 0.1829111 0.2095817 
GCA_001914405 0.1978480 0.1796692 0.1793809 0.1951775 0.1914731 0.1766440 0.1895993 0.1913583 0.2035901 0.2202626 0.2075480 0.2077156 0.1939891 0.1903225 0.1965080 0.1981296 0.2133646 0.2102187 0.2054114 0.2102141 0.2105981 0.1988426 0.1993863 0.2106450 0.2309303 0.2238412 0.2338551 0.2822585 0.2257717 0.2548313 0.2201543 0.2207639 0.2327564 0.1963805 0.1789829 0.2066614 0.1938017 0.1953160 0.1931000 0.1840491 0.1805722 0.2109818 0.2513216 0.1806087 0.1915761 0.1873094 0.0000000 0.1224259 0.1359206 0.1312212 0.1365172 0.2161479 0.2208386 0.2210029 0.1999405 0.1998079 0.2094533 0.2145894 0.2169372 0.2140622 0.2172089 0.2247467 0.2117883 0.2161212 0.2411503 0.2386548 0.2344075 0.2072586 0.2381058 0.2426456 0.2325216 0.2187151 0.2191397 0.2376632 
GCA_003034855 0.2104575 0.1840337 0.1897048 0.2003118 0.1935115 0.1922345 0.1920103 0.1973329 0.1985407 0.2093873 0.1950282 0.1955403 0.1934034 0.1908758 0.1958970 0.1896276 0.1966589 0.2082195 0.1974355 0.1984154 0.1949865 0.2009418 0.2028597 0.2112221 0.2330567 0.2134462 0.2234723 0.2635701 0.2186902 0.2481579 0.2152283 0.2086779 0.2127233 0.1892962 0.1736407 0.1961224 0.1922429 0.1902126 0.1853105 0.1807407 0.1997954 0.2113679 0.2410461 0.1877116 0.1981199 0.1829329 0.1224259 0.0000000 0.1225415 0.1274923 0.1235568 0.2228227 0.2303047 0.2186967 0.1954071 0.1965649 0.2087659 0.1967965 0.2100694 0.2015713 0.2077321 0.2134522 0.2105414 0.2149859 0.2382171 0.2272562 0.2451081 0.2042911 0.2531413 0.2288779 0.2402599 0.2268320 0.2203290 0.2229498 
GCA_002153915 0.1856442 0.1708373 0.1731311 0.1909716 0.1915044 0.1875191 0.1860689 0.1883797 0.2012950 0.2236308 0.1997490 0.1977955 0.1949548 0.1878701 0.1988041 0.1943771 0.1916630 0.2162483 0.2026485 0.1975799 0.1945697 0.1844881 0.1788816 0.2138354 0.2136397 0.2046027 0.2133197 0.2572461 0.2143808 0.2308059 0.2157302 0.2103910 0.2315103 0.1812585 0.1733083 0.1923205 0.1947232 0.1939630 0.1921607 0.1804785 0.1756558 0.2020311 0.2247353 0.1709768 0.1868536 0.1724676 0.1359206 0.1225415 0.0000000 0.0437591 0.0508934 0.2044749 0.2174262 0.2160166 0.2096778 0.2056055 0.1999285 0.1990892 0.2135019 0.2041458 0.2033859 0.2168326 0.1943146 0.2060314 0.2345015 0.2314060 0.2326114 0.2055394 0.2340501 0.2269424 0.2439204 0.2022226 0.2256567 0.2366945 
GCA_029854155 0.1857765 0.1725750 0.1749134 0.1947896 0.1892276 0.1845462 0.1931323 0.1816967 0.1961817 0.2119523 0.1954293 0.1926646 0.1980495 0.1945868 0.1873062 0.1817860 0.1924220 0.2091551 0.2070079 0.2062466 0.2056746 0.1836139 0.1768022 0.2052547 0.2138542 0.2074775 0.2129811 0.2660455 0.2172515 0.2362741 0.2097022 0.2061914 0.2211665 0.1777781 0.1664816 0.1902292 0.1914811 0.1924616 0.1941689 0.1754271 0.1728749 0.2018056 0.2251979 0.1672930 0.1838591 0.1745921 0.1312212 0.1274923 0.0437591 0.0000000 0.0542382 0.2103226 0.2140495 0.2202335 0.2101765 0.1991867 0.2079935 0.1975572 0.2154283 0.2095809 0.2117469 0.2194325 0.1952531 0.2086475 0.2309253 0.2300411 0.2292638 0.2070533 0.2270445 0.2312706 0.2358338 0.2064532 0.2150901 0.2255458 
GCA_023016325 0.1905679 0.1723487 0.1814140 0.1969405 0.1961882 0.1895772 0.1895511 0.1887426 0.2027574 0.2171115 0.2005066 0.1969180 0.1938787 0.1888891 0.1911950 0.1804874 0.1953516 0.2148178 0.1967584 0.1958155 0.1943161 0.1830080 0.1785971 0.2102076 0.2168526 0.2111311 0.2169637 0.2586395 0.2204679 0.2355114 0.2020550 0.2072068 0.2205270 0.1773837 0.1695598 0.1910720 0.1880955 0.1944423 0.1861680 0.1730703 0.1855705 0.2030613 0.2312520 0.1686224 0.1819495 0.1719365 0.1365172 0.1235568 0.0508934 0.0542382 0.0000000 0.2028814 0.2287114 0.2253030 0.2044017 0.2023724 0.1956886 0.1994111 0.2125847 0.2068157 0.2115547 0.2155727 0.1944061 0.2067367 0.2315123 0.2202861 0.2345838 0.2079297 0.2371518 0.2206129 0.2448198 0.2053025 0.2149018 0.2291176 
GCA_000230955 0.2078717 0.2014299 0.2115416 0.2111683 0.2220910 0.2103815 0.2165035 0.2049930 0.2258042 0.2431717 0.2234900 0.2251533 0.2256391 0.2156306 0.2171477 0.2169415 0.2189237 0.2344206 0.2152331 0.2249540 0.2224594 0.2083395 0.2147452 0.2225300 0.2445516 0.2282434 0.2316348 0.2651725 0.2341021 0.2486713 0.2178093 0.2337489 0.2378643 0.1973756 0.1985962 0.2168014 0.2105052 0.1996275 0.2006314 0.1984585 0.2379211 0.2402749 0.2515478 0.2143016 0.2134582 0.1968650 0.2161479 0.2228227 0.2044749 0.2103226 0.2028814 0.0000000 0.1164184 0.1221016 0.1584416 0.1500210 0.1535227 0.2207741 0.2392264 0.2326832 0.2269917 0.2350703 0.2205929 0.2187798 0.2350196 0.2364030 0.2500410 0.2160770 0.2628361 0.2473905 0.2529525 0.2394495 0.2550844 0.2663076 
